102	0	31	1
ROADMAP 53
ROADMAP 54
1	8	0	62
ROADMAP 55
80	67	0	1
80	68	1	2
ROADMAP 56
53	0	7	68
2	0	0	3
81	1	0	1
81	2	1	2
81	3	2	3
ROADMAP 57
55	0	32	67
80	0	0	1
55	0	67	68
80	0	1	4
3	27	6	9
ROADMAP 58
53	0	65	68
2	0	0	3
56	0	0	1
81	0	0	1
56	0	1	2
81	0	1	2
56	0	2	3
81	0	2	31
ROADMAP 59
8	45	0	25
ROADMAP 60
83	0	42	46
4	0	0	41
53	0	0	25
ROADMAP 61
78	0	51	70
85	28	8	19
85	29	19	20
85	30	20	21
85	31	21	22
85	32	22	23
85	33	23	24
85	34	24	25
ROADMAP 62
6	0	66	70
55	5	0	61
ROADMAP 63
59	11	0	45
8	11	0	14
ROADMAP 64
78	0	34	70
61	0	0	23
ROADMAP 65
84	0	21	30
83	0	0	46
4	0	0	15
ROADMAP 66
55	0	35	67
80	0	0	1
55	0	67	68
80	0	1	4
57	0	0	27
3	0	6	12
ROADMAP 67
6	0	23	70
62	0	0	5
55	0	0	18
ROADMAP 68
79	0	1	32
79	31	63	65
ROADMAP 69
58	0	1	30
6	14	0	27
ROADMAP 70
87	0	18	28
93	11	0	1
93	12	1	2
93	13	2	3
63	15	0	11
59	15	0	31
ROADMAP 71
61	9	24	28
85	9	8	19
61	9	28	29
82	40	10	24
ROADMAP 72
81	0	12	31
58	0	0	30
69	0	0	14
6	0	0	7
ROADMAP 73
83	0	11	46
4	0	0	35
ROADMAP 74
86	0	3	32
78	0	0	41
ROADMAP 75
1	12	68	70
84	12	0	30
83	12	0	26
ROADMAP 76
4	0	18	41
53	0	0	47
ROADMAP 77
61	0	20	28
85	0	8	19
61	0	28	29
85	0	19	20
61	0	29	30
85	0	20	21
61	0	30	31
85	0	21	22
61	0	31	32
85	0	22	23
61	0	32	33
85	0	23	24
61	0	33	34
85	0	24	35
82	0	0	28
54	0	0	1
ROADMAP 78
ROADMAP 79
ROADMAP 80
55	0	2	67
55	1	67	68
ROADMAP 81
53	0	35	68
2	0	0	3
56	0	0	1
56	1	1	2
56	2	2	3
ROADMAP 82
54	28	0	8
1	28	0	34
ROADMAP 83
4	46	0	24
ROADMAP 84
1	0	34	70
83	30	0	4
ROADMAP 85
61	19	28	29
61	20	29	30
61	21	30	31
61	22	31	32
61	23	32	33
61	24	33	34
82	35	0	28
54	35	0	1
ROADMAP 86
8	0	59	70
78	32	0	27
ROADMAP 87
79	0	28	70
ROADMAP 88
57	27	15	27
3	27	6	37
ROADMAP 89
78	0	42	70
61	0	0	28
85	0	8	19
61	0	28	29
85	0	19	20
61	0	29	30
ROADMAP 90
8	0	5	70
86	0	0	5
ROADMAP 91
78	0	33	70
61	0	0	28
85	0	8	13
ROADMAP 92
82	0	3	28
54	0	0	8
1	0	0	37
ROADMAP 93
79	0	45	70
87	0	0	28
70	0	0	11
70	1	11	12
70	2	12	13
70	3	13	14
ROADMAP 94
79	0	26	70
87	0	0	26
ROADMAP 95
81	0	13	31
58	0	0	30
69	0	0	14
6	0	0	8
ROADMAP 96
86	0	7	32
78	0	0	45
ROADMAP 97
14	0	19	34
79	0	0	55
ROADMAP 98
87	16	8	28
70	16	0	11
93	16	0	1
70	16	11	12
93	16	1	2
70	16	12	13
93	16	2	3
70	16	13	15
63	16	0	11
59	16	0	5
ROADMAP 99
1	0	60	70
84	0	0	30
83	0	0	30
ROADMAP 100
4	0	14	41
53	0	0	43
ROADMAP 101
83	0	26	46
4	0	0	41
53	0	0	9
ROADMAP 102
57	0	6	27
3	0	6	55
ROADMAP 1
ROADMAP 2
53	0	1	68
ROADMAP 3
ROADMAP 4
53	41	0	29
ROADMAP 5
57	0	6	27
3	0	6	55
ROADMAP 6
ROADMAP 7
57	0	11	27
3	0	6	60
ROADMAP 8
ROADMAP 9
55	0	51	67
80	0	0	1
55	0	67	68
80	0	1	4
57	0	0	27
3	0	6	28
ROADMAP 10
85	0	17	19
61	0	28	29
85	0	19	20
61	0	29	30
85	0	20	21
61	0	30	31
85	0	21	22
61	0	31	32
85	0	22	23
61	0	32	33
85	0	23	24
61	0	33	34
85	0	24	35
82	0	0	28
54	0	0	8
1	0	0	10
ROADMAP 11
6	0	11	70
62	0	0	5
55	0	0	6
ROADMAP 12
61	0	17	28
85	0	8	19
61	0	28	29
85	0	19	20
61	0	29	30
85	0	20	21
61	0	30	31
85	0	21	22
61	0	31	32
85	0	22	23
61	0	32	33
85	0	23	24
61	0	33	34
85	0	24	35
82	0	0	26
ROADMAP 13
78	0	48	70
61	0	0	28
85	0	8	19
61	0	28	29
85	0	19	20
61	0	29	30
85	0	20	21
61	0	30	31
85	0	21	22
61	0	31	32
85	0	22	23
61	0	32	33
ROADMAP 14
79	34	0	36
ROADMAP 15
1	0	16	70
84	0	0	16
ROADMAP 16
61	0	26	28
85	0	8	19
61	0	28	29
85	0	19	20
61	0	29	30
85	0	20	21
61	0	30	31
85	0	21	22
61	0	31	32
85	0	22	23
82	31	17	28
54	31	0	7
ROADMAP 17
14	0	22	34
79	0	0	58
ROADMAP 18
79	0	20	70
87	0	0	20
ROADMAP 19
55	0	42	67
80	0	0	1
55	0	67	68
80	0	1	4
57	0	0	27
3	0	6	19
ROADMAP 20
83	0	20	46
4	0	0	41
53	0	0	3
ROADMAP 21
61	0	25	28
85	0	8	19
61	0	28	29
85	0	19	20
61	0	29	30
85	0	20	21
61	0	30	31
85	0	21	22
61	0	31	32
85	0	22	23
61	0	32	33
85	0	23	24
61	0	33	34
85	0	24	35
82	0	0	28
54	0	0	6
ROADMAP 22
78	0	26	70
61	0	0	26
ROADMAP 23
8	0	28	70
86	0	0	13
ROADMAP 24
6	0	27	70
62	0	0	5
55	0	0	22
ROADMAP 25
53	0	62	68
2	0	0	3
56	0	0	1
81	0	0	1
56	0	1	2
81	0	1	2
56	0	2	3
81	0	2	31
58	0	0	27
ROADMAP 26
83	0	7	46
4	0	0	31
ROADMAP 27
78	0	19	70
61	0	0	19
ROADMAP 28
79	0	24	70
87	0	0	24
ROADMAP 29
6	0	23	70
62	0	0	5
55	0	0	18
ROADMAP 30
78	0	41	70
61	0	0	28
85	0	8	19
61	0	28	29
85	0	19	20
ROADMAP 31
78	0	40	70
61	0	0	28
85	0	8	19
61	0	28	29
ROADMAP 32
3	12	0	58
ROADMAP 33
83	0	29	46
4	0	0	41
53	0	0	12
ROADMAP 34
61	0	29	30
85	0	20	21
61	0	30	31
85	0	21	22
61	0	31	32
85	0	22	23
61	0	32	33
85	0	23	24
61	0	33	34
85	0	24	35
82	0	0	28
54	0	0	8
1	0	0	14
ROADMAP 35
81	0	10	31
58	0	0	30
69	0	0	14
6	0	0	5
ROADMAP 36
69	0	9	14
6	0	0	65
ROADMAP 37
83	0	15	46
4	0	0	39
ROADMAP 38
79	0	15	70
87	0	0	15
ROADMAP 39
14	0	11	34
79	0	0	47
ROADMAP 40
4	9	21	41
53	9	0	41
ROADMAP 41
78	0	43	70
61	0	0	28
85	0	8	19
61	0	28	29
85	0	19	20
61	0	29	30
85	0	20	21
ROADMAP 42
59	0	3	45
8	0	0	28
ROADMAP 43
86	0	2	32
78	0	0	40
ROADMAP 44
59	28	41	45
8	28	0	38
ROADMAP 45
79	0	10	70
87	0	0	10
ROADMAP 46
84	0	26	30
83	0	0	46
4	0	0	20
ROADMAP 47
55	40	41	67
80	40	0	1
ROADMAP 48
86	0	18	32
78	0	0	56
ROADMAP 49
53	0	14	68
2	0	0	3
56	0	0	1
81	0	0	1
56	0	1	2
81	0	1	2
56	0	2	3
81	0	2	10
ROADMAP 50
8	0	7	70
86	0	0	7
ROADMAP 51
53	0	40	68
2	0	0	3
56	0	0	1
81	0	0	1
56	0	1	2
81	0	1	2
56	0	2	3
81	0	2	31
58	0	0	5
ROADMAP 52
79	0	63	70
87	0	0	28
70	0	0	11
93	0	0	1
70	0	11	12
93	0	1	2
70	0	12	13
93	0	2	3
70	0	13	15
63	0	0	11
59	0	0	6
