9	0	15	1
ROADMAP 8
6	0	6	22
4	0	0	32
6	0	22	23
4	0	32	33
6	0	23	24
4	0	33	34
6	0	24	25
4	0	34	35
6	0	25	26
4	0	35	36
6	0	26	27
4	0	36	37
6	0	27	28
4	0	37	38
6	0	28	29
4	0	38	39
6	0	29	30
4	0	39	40
6	0	30	31
4	0	40	41
6	0	31	32
4	0	41	42
6	0	32	33
4	0	42	43
6	0	33	34
4	0	43	44
6	0	34	35
4	0	44	45
6	0	35	36
4	0	45	46
6	0	36	37
4	0	46	47
6	0	37	38
4	0	47	54
ROADMAP 9
5	1	0	2
6	1	0	22
4	1	0	32
6	1	22	23
4	1	32	33
6	1	23	24
4	1	33	34
6	1	24	25
4	1	34	35
6	1	25	26
4	1	35	36
6	1	26	27
4	1	36	37
6	1	27	28
4	1	37	38
6	1	28	29
4	1	38	39
6	1	29	30
4	1	39	40
6	1	30	31
4	1	40	41
6	1	31	32
4	1	41	42
6	1	32	33
4	1	42	43
6	1	33	34
4	1	43	44
6	1	34	35
4	1	44	45
6	1	35	36
4	1	45	46
6	1	36	37
ROADMAP 1
9	12	0	1
5	12	0	2
6	12	0	22
4	12	0	32
6	12	22	23
4	12	32	33
6	12	23	24
4	12	33	34
6	12	24	25
4	12	34	35
6	12	25	26
4	12	35	36
6	12	26	27
4	12	36	37
6	12	27	28
4	12	37	38
6	12	28	29
4	12	38	39
6	12	29	30
4	12	39	40
6	12	30	31
ROADMAP 2
6	0	8	22
4	0	0	32
6	0	22	23
4	0	32	33
6	0	23	24
4	0	33	34
6	0	24	25
4	0	34	35
6	0	25	26
4	0	35	36
6	0	26	27
4	0	36	37
6	0	27	28
4	0	37	38
6	0	28	29
4	0	38	39
6	0	29	30
4	0	39	40
6	0	30	31
4	0	40	41
6	0	31	32
4	0	41	42
6	0	32	33
4	0	42	43
6	0	33	34
4	0	43	44
6	0	34	35
4	0	44	45
6	0	35	36
4	0	45	46
6	0	36	37
4	0	46	47
6	0	37	38
4	0	47	56
ROADMAP 3
6	0	12	22
4	0	0	32
6	0	22	23
4	0	32	33
6	0	23	24
4	0	33	34
6	0	24	25
4	0	34	35
6	0	25	26
4	0	35	36
6	0	26	27
4	0	36	37
6	0	27	28
4	0	37	38
6	0	28	29
4	0	38	39
6	0	29	30
4	0	39	40
6	0	30	31
4	0	40	41
6	0	31	32
4	0	41	42
6	0	32	33
4	0	42	43
6	0	33	34
4	0	43	44
6	0	34	35
4	0	44	45
6	0	35	36
4	0	45	46
6	0	36	37
4	0	46	47
6	0	37	38
4	0	47	60
ROADMAP 4
6	32	22	23
6	33	23	24
6	34	24	25
6	35	25	26
6	36	26	27
6	37	27	28
6	38	28	29
6	39	29	30
6	40	30	31
6	41	31	32
6	42	32	33
6	43	33	34
6	44	34	35
6	45	35	36
6	46	36	37
6	47	37	38
ROADMAP 5
6	2	0	22
4	2	0	32
6	2	22	23
4	2	32	33
6	2	23	24
4	2	33	34
6	2	24	25
4	2	34	35
6	2	25	26
4	2	35	36
6	2	26	27
4	2	36	37
6	2	27	28
4	2	37	38
6	2	28	29
4	2	38	39
6	2	29	30
4	2	39	40
6	2	30	31
4	2	40	41
6	2	31	32
4	2	41	42
6	2	32	33
4	2	42	43
6	2	33	34
4	2	43	44
6	2	34	35
4	2	44	45
6	2	35	36
4	2	45	46
6	2	36	37
4	2	46	47
ROADMAP 6
4	22	0	32
4	23	32	33
4	24	33	34
4	25	34	35
4	26	35	36
4	27	36	37
4	28	37	38
4	29	38	39
4	30	39	40
4	31	40	41
4	32	41	42
4	33	42	43
4	34	43	44
4	35	44	45
4	36	45	46
4	37	46	47
4	38	47	48
ROADMAP 7
6	0	16	22
4	0	0	32
6	0	22	23
4	0	32	33
6	0	23	24
4	0	33	34
6	0	24	25
4	0	34	35
6	0	25	26
4	0	35	36
6	0	26	27
4	0	36	37
6	0	27	28
4	0	37	38
6	0	28	29
4	0	38	39
6	0	29	30
4	0	39	40
6	0	30	31
4	0	40	41
6	0	31	32
4	0	41	42
6	0	32	33
4	0	42	43
6	0	33	34
4	0	43	44
6	0	34	35
4	0	44	45
6	0	35	36
4	0	45	46
6	0	36	37
4	0	46	47
6	0	37	38
4	0	47	64
