9	0	13	1
ROADMAP 8
6	2	6	7
6	3	7	8
6	4	8	9
6	5	9	10
6	8	10	11
6	9	11	12
6	10	12	13
6	11	13	15
6	12	15	17
6	16	17	18
6	17	18	19
6	18	19	20
6	19	20	21
6	20	21	22
6	21	22	23
6	22	23	24
6	23	24	25
6	24	25	26
6	25	26	27
6	26	27	28
6	27	28	29
6	28	29	30
6	29	30	31
6	30	31	32
6	31	32	33
6	32	33	34
6	33	34	35
6	34	35	36
6	35	36	37
6	36	37	38
6	37	38	39
6	38	39	40
6	39	40	41
6	40	41	42
6	41	42	43
6	42	43	44
6	43	44	45
ROADMAP 9
1	0	12	15
6	0	0	6
8	0	0	2
6	0	6	7
8	0	2	3
6	0	7	8
8	0	3	4
6	0	8	9
8	0	4	5
6	0	9	10
8	0	5	8
6	0	10	11
8	0	8	9
6	0	11	12
8	0	9	10
6	0	12	13
8	0	10	11
6	0	13	15
8	0	11	12
6	0	15	17
8	0	12	16
6	0	17	18
8	0	16	17
6	0	18	19
8	0	17	18
6	0	19	20
8	0	18	19
6	0	20	21
8	0	19	20
6	0	21	22
8	0	20	21
6	0	22	23
8	0	21	22
6	0	23	24
8	0	22	23
6	0	24	25
8	0	23	24
6	0	25	26
8	0	24	25
6	0	26	27
8	0	25	26
6	0	27	28
8	0	26	27
6	0	28	29
8	0	27	28
6	0	29	30
8	0	28	29
6	0	30	31
8	0	29	30
6	0	31	32
8	0	30	31
6	0	32	33
8	0	31	32
6	0	33	34
8	0	32	33
6	0	34	35
8	0	33	34
6	0	35	36
8	0	34	35
6	0	36	37
8	0	35	36
6	0	37	38
8	0	36	37
6	0	38	39
8	0	37	38
6	0	39	40
8	0	38	39
6	0	40	41
8	0	39	40
6	0	41	42
8	0	40	41
6	0	42	43
8	0	41	42
ROADMAP 1
6	15	0	6
8	15	0	2
6	15	6	7
8	15	2	3
6	15	7	8
8	15	3	4
6	15	8	9
8	15	4	5
6	15	9	10
8	15	5	8
6	15	10	11
8	15	8	9
6	15	11	12
8	15	9	10
6	15	12	13
8	15	10	11
6	15	13	15
8	15	11	12
6	15	15	17
8	15	12	16
6	15	17	18
8	15	16	17
6	15	18	19
8	15	17	18
6	15	19	20
8	15	18	19
6	15	20	21
8	15	19	20
6	15	21	22
8	15	20	21
6	15	22	23
8	15	21	22
6	15	23	24
8	15	22	23
6	15	24	25
8	15	23	24
6	15	25	26
8	15	24	25
6	15	26	27
8	15	25	26
6	15	27	28
8	15	26	27
6	15	28	29
8	15	27	28
6	15	29	30
8	15	28	29
6	15	30	31
8	15	29	30
6	15	31	32
8	15	30	31
6	15	32	33
8	15	31	32
6	15	33	34
8	15	32	33
6	15	34	35
8	15	33	34
6	15	35	36
8	15	34	35
6	15	36	37
8	15	35	36
ROADMAP 2
6	0	6	7
8	0	2	3
6	0	7	8
8	0	3	4
6	0	8	9
8	0	4	5
6	0	9	10
8	0	5	8
6	0	10	11
8	0	8	9
6	0	11	12
8	0	9	10
6	0	12	13
8	0	10	11
6	0	13	15
8	0	11	12
6	0	15	17
8	0	12	16
6	0	17	18
8	0	16	17
6	0	18	19
8	0	17	18
6	0	19	20
8	0	18	19
6	0	20	21
8	0	19	20
6	0	21	22
8	0	20	21
6	0	22	23
8	0	21	22
6	0	23	24
8	0	22	23
6	0	24	25
8	0	23	24
6	0	25	26
8	0	24	25
6	0	26	27
8	0	25	26
6	0	27	28
8	0	26	27
6	0	28	29
8	0	27	28
6	0	29	30
8	0	28	29
6	0	30	31
8	0	29	30
6	0	31	32
8	0	30	31
6	0	32	33
8	0	31	32
6	0	33	34
8	0	32	33
6	0	34	35
8	0	33	34
6	0	35	36
8	0	34	35
6	0	36	37
8	0	35	36
6	0	37	38
8	0	36	37
6	0	38	39
8	0	37	38
6	0	39	40
8	0	38	39
6	0	40	41
8	0	39	40
6	0	41	42
8	0	40	41
6	0	42	43
8	0	41	42
6	0	43	44
8	0	42	43
6	0	44	45
8	0	43	49
ROADMAP 3
6	0	8	9
8	0	4	5
6	0	9	10
8	0	5	8
6	0	10	11
8	0	8	9
6	0	11	12
8	0	9	10
6	0	12	13
8	0	10	11
6	0	13	15
8	0	11	12
6	0	15	17
8	0	12	16
6	0	17	18
8	0	16	17
6	0	18	19
8	0	17	18
6	0	19	20
8	0	18	19
6	0	20	21
8	0	19	20
6	0	21	22
8	0	20	21
6	0	22	23
8	0	21	22
6	0	23	24
8	0	22	23
6	0	24	25
8	0	23	24
6	0	25	26
8	0	24	25
6	0	26	27
8	0	25	26
6	0	27	28
8	0	26	27
6	0	28	29
8	0	27	28
6	0	29	30
8	0	28	29
6	0	30	31
8	0	29	30
6	0	31	32
8	0	30	31
6	0	32	33
8	0	31	32
6	0	33	34
8	0	32	33
6	0	34	35
8	0	33	34
6	0	35	36
8	0	34	35
6	0	36	37
8	0	35	36
6	0	37	38
8	0	36	37
6	0	38	39
8	0	37	38
6	0	39	40
8	0	38	39
6	0	40	41
8	0	39	40
6	0	41	42
8	0	40	41
6	0	42	43
8	0	41	42
6	0	43	44
8	0	42	43
6	0	44	45
8	0	43	49
2	0	0	2
7	0	0	4
ROADMAP 4
6	0	12	13
8	0	10	11
6	0	13	15
8	0	11	12
6	0	15	17
8	0	12	16
6	0	17	18
8	0	16	17
6	0	18	19
8	0	17	18
6	0	19	20
8	0	18	19
6	0	20	21
8	0	19	20
6	0	21	22
8	0	20	21
6	0	22	23
8	0	21	22
6	0	23	24
8	0	22	23
6	0	24	25
8	0	23	24
6	0	25	26
8	0	24	25
6	0	26	27
8	0	25	26
6	0	27	28
8	0	26	27
6	0	28	29
8	0	27	28
6	0	29	30
8	0	28	29
6	0	30	31
8	0	29	30
6	0	31	32
8	0	30	31
6	0	32	33
8	0	31	32
6	0	33	34
8	0	32	33
6	0	34	35
8	0	33	34
6	0	35	36
8	0	34	35
6	0	36	37
8	0	35	36
6	0	37	38
8	0	36	37
6	0	38	39
8	0	37	38
6	0	39	40
8	0	38	39
6	0	40	41
8	0	39	40
6	0	41	42
8	0	40	41
6	0	42	43
8	0	41	42
6	0	43	44
8	0	42	43
6	0	44	45
8	0	43	49
2	0	0	2
7	0	0	8
ROADMAP 5
1	0	13	15
6	0	0	6
8	0	0	2
6	0	6	7
8	0	2	3
6	0	7	8
8	0	3	4
6	0	8	9
8	0	4	5
6	0	9	10
8	0	5	8
6	0	10	11
8	0	8	9
6	0	11	12
8	0	9	10
6	0	12	13
8	0	10	11
6	0	13	15
8	0	11	12
6	0	15	17
8	0	12	16
6	0	17	18
8	0	16	17
6	0	18	19
8	0	17	18
6	0	19	20
8	0	18	19
6	0	20	21
8	0	19	20
6	0	21	22
8	0	20	21
6	0	22	23
8	0	21	22
6	0	23	24
8	0	22	23
6	0	24	25
8	0	23	24
6	0	25	26
8	0	24	25
6	0	26	27
8	0	25	26
6	0	27	28
8	0	26	27
6	0	28	29
8	0	27	28
6	0	29	30
8	0	28	29
6	0	30	31
8	0	29	30
6	0	31	32
8	0	30	31
6	0	32	33
8	0	31	32
6	0	33	34
8	0	32	33
6	0	34	35
8	0	33	34
6	0	35	36
8	0	34	35
6	0	36	37
8	0	35	36
6	0	37	38
8	0	36	37
6	0	38	39
8	0	37	38
6	0	39	40
8	0	38	39
6	0	40	41
8	0	39	40
6	0	41	42
8	0	40	41
6	0	42	43
8	0	41	42
6	0	43	44
ROADMAP 6
8	6	0	2
8	7	2	3
8	8	3	4
8	9	4	5
8	10	5	8
8	11	8	9
8	12	9	10
8	13	10	11
8	15	11	12
8	17	12	16
8	18	16	17
8	19	17	18
8	20	18	19
8	21	19	20
8	22	20	21
8	23	21	22
8	24	22	23
8	25	23	24
8	26	24	25
8	27	25	26
8	28	26	27
8	29	27	28
8	30	28	29
8	31	29	30
8	32	30	31
8	33	31	32
8	34	32	33
8	35	33	34
8	36	34	35
8	37	35	36
8	38	36	37
8	39	37	38
8	40	38	39
8	41	39	40
8	42	40	41
8	43	41	42
8	44	42	43
ROADMAP 7
8	0	6	8
6	0	10	11
8	0	8	9
6	0	11	12
8	0	9	10
6	0	12	13
8	0	10	11
6	0	13	15
8	0	11	12
6	0	15	17
8	0	12	16
6	0	17	18
8	0	16	17
6	0	18	19
8	0	17	18
6	0	19	20
8	0	18	19
6	0	20	21
8	0	19	20
6	0	21	22
8	0	20	21
6	0	22	23
8	0	21	22
6	0	23	24
8	0	22	23
6	0	24	25
8	0	23	24
6	0	25	26
8	0	24	25
6	0	26	27
8	0	25	26
6	0	27	28
8	0	26	27
6	0	28	29
8	0	27	28
6	0	29	30
8	0	28	29
6	0	30	31
8	0	29	30
6	0	31	32
8	0	30	31
6	0	32	33
8	0	31	32
6	0	33	34
8	0	32	33
6	0	34	35
8	0	33	34
6	0	35	36
8	0	34	35
6	0	36	37
8	0	35	36
6	0	37	38
8	0	36	37
6	0	38	39
8	0	37	38
6	0	39	40
8	0	38	39
6	0	40	41
8	0	39	40
6	0	41	42
8	0	40	41
6	0	42	43
8	0	41	42
6	0	43	44
8	0	42	43
6	0	44	45
8	0	43	49
2	0	0	2
