93	0	21	1
ROADMAP 48
ROADMAP 49
1	13	1	2
ROADMAP 50
ROADMAP 51
ROADMAP 52
ROADMAP 53
71	4	0	11
ROADMAP 54
49	0	4	13
1	0	1	2
49	0	13	14
5	0	0	1
2	0	0	1
5	0	1	3
ROADMAP 55
71	0	5	15
7	4	0	1
ROADMAP 56
ROADMAP 57
50	0	12	15
ROADMAP 58
4	0	1	2
10	0	0	5
50	0	0	9
ROADMAP 59
49	0	1	13
1	0	1	2
49	0	13	14
5	0	0	1
ROADMAP 60
78	0	7	9
74	0	0	8
72	0	0	5
ROADMAP 61
4	0	1	2
10	0	0	5
50	0	0	9
ROADMAP 62
72	0	3	10
48	0	0	8
ROADMAP 63
78	0	6	9
74	0	0	8
72	0	0	4
ROADMAP 64
48	0	8	15
28	0	0	5
1	0	0	1
49	0	0	2
ROADMAP 65
53	0	2	4
71	0	0	13
ROADMAP 66
51	0	0	15
ROADMAP 67
49	0	5	13
1	0	1	2
49	0	13	14
5	0	0	1
2	0	0	1
5	0	1	4
ROADMAP 68
31	0	5	6
49	0	1	13
1	0	1	2
49	0	13	14
ROADMAP 69
2	0	0	4
73	0	0	5
2	0	4	5
73	0	5	6
2	0	5	6
73	0	6	7
2	0	6	7
73	0	7	8
ROADMAP 70
75	0	3	4
26	0	0	8
78	0	0	6
ROADMAP 71
ROADMAP 72
48	10	0	5
ROADMAP 73
2	5	4	5
2	6	5	6
2	7	6	7
25	11	0	1
ROADMAP 74
72	8	0	7
ROADMAP 75
52	0	4	15
ROADMAP 76
49	0	3	13
1	0	1	2
49	0	13	14
5	0	0	1
2	0	0	2
ROADMAP 77
49	0	10	13
1	0	1	2
49	0	13	14
5	0	0	1
2	0	0	4
73	0	0	5
ROADMAP 78
26	6	8	9
74	9	0	5
ROADMAP 79
52	2	0	13
ROADMAP 80
71	0	11	15
55	0	0	4
7	0	0	7
ROADMAP 81
73	0	6	7
2	0	6	7
73	0	7	11
25	0	0	9
ROADMAP 82
71	0	10	15
55	0	0	4
7	0	0	6
ROADMAP 83
50	0	2	15
57	0	0	2
ROADMAP 84
49	0	6	13
1	0	1	2
49	0	13	14
5	0	0	1
2	0	0	1
5	0	1	4
29	0	0	1
ROADMAP 85
52	0	4	15
75	0	0	4
ROADMAP 86
73	0	9	11
25	0	0	13
ROADMAP 87
79	3	0	2
52	3	0	10
ROADMAP 88
48	0	1	15
28	0	0	1
ROADMAP 89
14	0	4	5
56	0	0	14
ROADMAP 90
25	0	1	15
14	0	0	1
ROADMAP 91
6	9	0	6
ROADMAP 92
2	0	4	5
73	0	5	6
2	0	5	6
73	0	6	7
2	0	6	7
73	0	7	11
25	0	0	6
ROADMAP 93
73	0	2	5
2	0	4	5
73	0	5	6
2	0	5	6
73	0	6	7
2	0	6	7
73	0	7	11
25	0	0	3
ROADMAP 1
49	1	0	13
ROADMAP 2
73	4	0	5
73	5	5	6
73	6	6	7
73	7	7	8
ROADMAP 3
72	0	0	10
48	0	0	5
ROADMAP 4
51	0	2	15
ROADMAP 5
49	0	5	13
1	0	1	2
49	0	13	14
2	1	0	1
ROADMAP 6
ROADMAP 7
55	0	1	4
ROADMAP 8
73	0	3	5
2	0	4	5
73	0	5	6
2	0	5	6
73	0	6	7
2	0	6	7
73	0	7	11
25	0	0	4
ROADMAP 9
50	0	6	15
57	0	0	6
ROADMAP 10
51	0	10	15
4	0	0	2
50	5	0	3
ROADMAP 11
74	0	1	8
72	0	0	8
ROADMAP 12
73	0	1	5
2	0	4	5
73	0	5	6
2	0	5	6
73	0	6	7
2	0	6	7
73	0	7	11
25	0	0	2
ROADMAP 13
49	0	11	13
1	0	1	2
49	0	13	14
5	0	0	1
2	0	0	1
5	0	1	4
29	0	0	6
ROADMAP 14
25	0	10	15
56	5	0	5
ROADMAP 15
25	0	3	15
14	0	0	3
ROADMAP 16
31	7	0	6
49	7	1	3
ROADMAP 17
4	0	0	2
10	0	0	5
50	0	0	8
ROADMAP 18
78	0	2	6
26	0	8	9
78	0	6	9
74	0	0	7
ROADMAP 19
26	0	6	8
78	0	0	6
26	0	8	9
78	0	6	9
74	0	0	3
ROADMAP 20
48	0	6	15
28	0	0	5
1	0	0	1
ROADMAP 21
1	0	1	2
49	0	13	14
5	0	0	1
2	0	0	1
5	0	1	4
29	0	0	7
ROADMAP 22
48	0	14	15
28	0	0	5
1	0	0	1
49	0	0	8
ROADMAP 23
51	0	1	15
4	0	0	1
ROADMAP 24
87	0	0	3
79	0	0	2
52	0	0	10
ROADMAP 25
ROADMAP 26
78	8	0	6
ROADMAP 27
52	0	9	15
75	0	0	4
26	0	0	5
ROADMAP 28
48	0	5	15
ROADMAP 29
49	0	12	13
1	0	1	2
49	0	13	14
5	0	0	1
2	0	0	1
5	0	1	4
ROADMAP 30
78	0	2	6
26	0	8	9
78	0	6	9
74	0	0	7
ROADMAP 31
49	6	1	10
ROADMAP 32
1	0	1	2
49	0	13	14
5	0	0	1
2	0	0	4
73	0	0	5
2	0	4	5
73	0	5	6
2	0	5	6
ROADMAP 33
25	0	9	15
14	0	0	5
56	0	0	4
ROADMAP 34
25	0	1	15
14	0	0	1
ROADMAP 35
56	0	7	15
51	3	0	4
ROADMAP 36
52	0	0	15
ROADMAP 37
71	0	9	15
55	0	0	4
7	0	0	5
ROADMAP 38
78	0	7	9
74	0	0	8
72	0	0	5
ROADMAP 39
16	3	0	7
31	3	0	5
ROADMAP 40
73	0	0	5
2	0	4	5
73	0	5	6
2	0	5	6
73	0	6	7
2	0	6	7
73	0	7	11
25	0	0	1
ROADMAP 41
71	0	7	15
55	0	0	4
7	0	0	3
ROADMAP 42
39	8	0	3
16	8	0	4
ROADMAP 43
57	0	2	12
42	0	0	5
ROADMAP 44
49	0	2	13
1	0	1	2
49	0	13	14
5	0	0	1
2	0	0	1
ROADMAP 45
57	0	2	12
42	0	0	5
ROADMAP 46
51	0	10	15
4	0	0	2
10	0	0	5
50	0	0	3
ROADMAP 47
28	0	2	5
1	0	0	1
49	0	0	11
