780	0	21	1
ROADMAP 1
ROADMAP 2
ROADMAP 3
ROADMAP 4
ROADMAP 5
ROADMAP 6
ROADMAP 7
ROADMAP 8
ROADMAP 9
ROADMAP 10
ROADMAP 11
ROADMAP 12
ROADMAP 13
ROADMAP 14
ROADMAP 15
ROADMAP 16
ROADMAP 17
3	13	0	17
ROADMAP 18
ROADMAP 19
ROADMAP 20
2	18	0	12
ROADMAP 21
6	0	2	30
ROADMAP 22
ROADMAP 23
ROADMAP 24
8	28	0	2
ROADMAP 25
17	3	0	13
3	3	0	14
ROADMAP 26
10	0	10	30
ROADMAP 27
ROADMAP 28
ROADMAP 29
ROADMAP 30
16	0	16	30
1	7	0	9
ROADMAP 31
19	26	0	4
ROADMAP 32
ROADMAP 196
33	0	7	30
64	0	0	7
ROADMAP 197
ROADMAP 198
ROADMAP 199
62	14	0	16
ROADMAP 200
ROADMAP 201
ROADMAP 202
28	6	0	24
ROADMAP 203
ROADMAP 204
25	23	0	3
17	23	0	4
ROADMAP 205
5	0	23	30
ROADMAP 206
33	21	0	9
ROADMAP 207
206	9	0	21
ROADMAP 208
2	8	19	23
14	18	0	8
ROADMAP 209
ROADMAP 210
29	0	22	30
20	8	14	16
ROADMAP 211
198	25	0	5
ROADMAP 212
209	17	0	13
ROADMAP 213
211	0	23	25
198	0	0	28
ROADMAP 214
17	0	8	13
3	0	0	25
ROADMAP 215
ROADMAP 216
61	0	15	26
ROADMAP 217
20	0	13	18
2	0	0	25
ROADMAP 218
211	0	1	25
198	0	0	6
ROADMAP 219
202	19	0	6
28	19	0	5
ROADMAP 220
ROADMAP 221
48	0	12	16
54	0	0	16
ROADMAP 222
ROADMAP 223
49	0	20	30
ROADMAP 224
32	0	6	30
ROADMAP 225
15	0	15	30
ROADMAP 226
62	0	15	18
36	0	0	27
ROADMAP 227
63	0	17	30
ROADMAP 228
ROADMAP 229
203	0	24	30
212	0	0	17
209	0	0	7
ROADMAP 230
ROADMAP 231
49	0	23	30
223	0	0	20
ROADMAP 232
3	0	14	30
48	0	0	14
ROADMAP 233
203	26	0	4
ROADMAP 234
43	0	19	30
42	14	0	5
ROADMAP 235
10	0	8	30
26	0	0	8
ROADMAP 236
57	11	0	9
40	11	0	10
ROADMAP 237
219	16	0	14
ROADMAP 238
13	6	0	24
ROADMAP 239
9	0	2	30
ROADMAP 240
197	0	26	30
ROADMAP 241
ROADMAP 242
207	0	5	9
206	0	0	21
33	0	0	5
ROADMAP 243
56	20	19	21
29	20	0	8
ROADMAP 244
37	0	9	30
ROADMAP 245
51	0	6	7
215	1	0	28
ROADMAP 246
ROADMAP 247
19	0	14	30
211	9	0	5
ROADMAP 248
224	0	0	6
ROADMAP 249
ROADMAP 250
248	0	4	24
ROADMAP 251
5	12	0	18
ROADMAP 252
ROADMAP 253
29	0	1	30
210	0	0	1
ROADMAP 254
58	0	10	30
ROADMAP 255
20	0	0	18
2	0	0	12
ROADMAP 256
203	0	1	30
212	0	0	1
ROADMAP 257
216	0	16	19
ROADMAP 258
12	0	8	30
35	0	0	8
ROADMAP 259
58	4	0	26
ROADMAP 260
32	16	0	14
ROADMAP 261
237	0	13	16
219	0	0	19
202	0	0	6
28	0	0	2
ROADMAP 262
44	0	3	30
ROADMAP 263
18	21	0	9
ROADMAP 264
238	0	4	6
13	0	0	28
ROADMAP 265
24	0	25	28
8	0	0	27
ROADMAP 266
222	0	26	30
ROADMAP 267
33	0	8	30
64	0	0	8
ROADMAP 268
47	10	0	20
ROADMAP 269
58	0	7	30
254	0	0	7
ROADMAP 270
257	0	26	27
238	3	0	6
13	3	0	20
ROADMAP 271
19	0	23	30
247	0	0	9
211	0	0	14
ROADMAP 272
22	0	27	30
268	16	0	10
47	16	0	1
ROADMAP 273
259	0	1	4
58	0	0	27
ROADMAP 274
55	0	13	21
15	0	0	22
ROADMAP 275
236	12	0	11
57	12	0	7
ROADMAP 276
56	0	18	21
29	0	0	27
ROADMAP 277
ROADMAP 278
207	19	0	9
206	19	0	2
ROADMAP 279
53	6	0	24
ROADMAP 280
55	0	14	21
15	0	0	23
ROADMAP 281
48	0	14	16
54	0	0	16
221	0	0	10
ROADMAP 282
240	0	25	26
259	0	0	4
58	0	0	25
ROADMAP 283
18	0	22	30
61	0	0	22
ROADMAP 284
220	0	14	30
49	12	0	2
ROADMAP 285
205	0	3	23
ROADMAP 286
260	0	12	16
32	0	0	26
ROADMAP 287
216	0	1	19
257	0	0	12
ROADMAP 288
41	0	7	30
60	0	0	7
ROADMAP 289
205	0	22	23
285	0	0	10
ROADMAP 290
33	0	26	30
64	0	0	18
43	0	0	8
ROADMAP 291
2	0	1	30
ROADMAP 292
ROADMAP 293
228	0	7	30
ROADMAP 294
201	0	24	30
52	20	0	4
ROADMAP 295
45	0	28	30
228	3	0	25
ROADMAP 296
12	25	0	5
ROADMAP 297
203	0	15	30
212	0	0	15
ROADMAP 298
52	0	12	15
7	0	0	27
ROADMAP 299
47	0	1	24
4	0	0	7
ROADMAP 300
ROADMAP 301
36	0	24	30
38	0	0	5
22	0	0	19
ROADMAP 302
197	1	0	29
ROADMAP 303
ROADMAP 304
225	0	2	15
222	6	0	11
ROADMAP 305
43	0	17	30
234	0	0	14
42	0	0	3
ROADMAP 306
2	0	20	23
208	0	8	18
14	0	0	17
ROADMAP 307
204	0	2	23
25	0	0	3
17	0	0	6
ROADMAP 308
220	0	24	30
284	0	0	12
49	0	0	12
ROADMAP 309
199	0	7	14
62	0	0	18
36	0	0	5
ROADMAP 310
20	0	3	18
2	0	0	15
ROADMAP 311
30	0	6	7
1	0	0	29
ROADMAP 312
41	0	18	30
60	0	0	17
ROADMAP 313
40	0	23	28
9	12	0	13
ROADMAP 314
228	0	13	30
293	0	0	7
302	4	0	1
197	4	0	1
ROADMAP 315
207	0	8	9
206	0	0	21
33	0	0	8
ROADMAP 316
56	16	1	7
ROADMAP 317
260	5	0	16
32	5	0	9
ROADMAP 318
8	0	29	30
ROADMAP 319
318	0	16	29
ROADMAP 320
5	0	16	30
205	0	0	16
ROADMAP 321
206	0	19	21
33	0	0	28
ROADMAP 322
27	0	8	30
ROADMAP 323
8	0	14	30
318	0	0	14
ROADMAP 324
18	0	19	30
61	0	0	19
ROADMAP 325
243	8	0	20
56	8	19	21
ROADMAP 326
285	0	6	10
289	0	0	19
ROADMAP 327
209	0	13	30
ROADMAP 328
58	0	10	30
254	0	0	10
ROADMAP 329
230	0	19	30
ROADMAP 330
5	0	18	30
205	0	0	18
ROADMAP 331
29	0	8	30
210	0	0	8
ROADMAP 332
303	0	5	30
ROADMAP 333
205	0	22	23
285	0	0	10
289	0	0	19
ROADMAP 334
233	14	0	16
ROADMAP 335
-56	0	3	-1
251	7	0	12
5	7	0	7
ROADMAP 336
266	0	25	26
59	14	0	8
27	14	0	7
ROADMAP 337
236	0	3	11
57	0	0	9
40	0	0	13
ROADMAP 338
243	0	17	20
56	0	19	21
29	0	0	25
ROADMAP 339
263	0	12	21
18	0	0	21
ROADMAP 340
210	0	18	20
208	1	0	8
2	1	19	23
208	1	8	18
14	1	0	5
ROADMAP 341
278	1	0	19
207	1	0	9
206	1	0	1
ROADMAP 342
32	0	12	30
224	0	0	6
248	0	0	6
ROADMAP 343
41	0	11	30
60	0	0	11
ROADMAP 344
14	0	18	30
279	13	0	5
ROADMAP 345
19	0	2	30
247	0	0	2
ROADMAP 346
34	0	15	18
46	0	0	9
44	0	0	18
ROADMAP 347
272	0	6	16
268	0	0	10
47	0	0	10
ROADMAP 348
ROADMAP 349
7	0	23	30
ROADMAP 350
211	0	18	25
198	0	0	23
ROADMAP 351
228	0	16	30
293	0	0	7
314	0	0	4
302	0	0	1
197	0	0	4
ROADMAP 352
56	0	4	21
29	0	0	13
ROADMAP 353
392	0	20	27
ROADMAP 354
395	3	0	12
292	3	0	15
ROADMAP 355
34	0	2	18
46	0	0	9
44	0	0	5
ROADMAP 391
252	0	29	30
316	14	0	15
ROADMAP 392
332	0	2	5
ROADMAP 393
39	0	13	19
6	0	0	24
ROADMAP 394
285	0	3	10
289	0	0	19
326	0	0	4
ROADMAP 395
292	12	0	18
ROADMAP 396
20	0	5	18
2	0	0	17
ROADMAP 397
223	0	9	20
231	0	0	3
37	0	0	16
ROADMAP 398
ROADMAP 399
248	0	22	24
250	0	0	10
220	1	0	17
ROADMAP 400
45	0	3	30
295	0	0	3
ROADMAP 401
230	18	0	12
ROADMAP 402
24	0	24	28
8	0	0	26
ROADMAP 403
316	0	1	16
56	0	1	7
316	0	16	24
246	0	0	1
ROADMAP 404
61	0	25	26
216	0	0	19
257	0	0	10
ROADMAP 405
23	0	16	30
45	2	0	14
ROADMAP 406
22	0	25	30
272	0	0	16
268	0	0	9
ROADMAP 407
36	0	14	30
38	0	0	5
22	0	0	9
ROADMAP 408
ROADMAP 409
15	0	4	30
225	0	0	4
ROADMAP 410
4	0	8	30
ROADMAP 411
15	0	24	30
225	0	0	15
304	0	0	6
222	0	0	3
ROADMAP 412
34	0	4	18
46	0	0	9
44	0	0	7
ROADMAP 413
398	0	9	30
ROADMAP 414
246	0	21	30
20	0	0	18
2	0	0	3
ROADMAP 415
29	0	17	30
210	0	0	8
20	0	14	17
ROADMAP 416
32	0	15	30
224	0	0	6
248	0	0	9
ROADMAP 417
60	0	9	17
312	0	0	1
31	6	0	15
ROADMAP 418
292	0	22	30
ROADMAP 419
52	0	10	15
7	0	0	25
ROADMAP 420
60	0	6	17
312	0	0	1
417	0	0	6
31	0	0	12
ROADMAP 421
252	5	0	25
ROADMAP 422
246	0	3	30
20	0	0	3
ROADMAP 356
212	0	6	17
209	0	0	19
ROADMAP 357
64	0	16	18
43	0	0	28
ROADMAP 358
263	0	1	21
18	0	0	10
ROADMAP 359
249	0	19	30
24	10	0	9
ROADMAP 360
39	8	0	19
6	8	0	3
ROADMAP 361
20	0	8	18
2	0	0	20
ROADMAP 362
56	0	1	21
29	0	0	10
ROADMAP 363
329	0	17	19
ROADMAP 364
200	0	3	30
210	0	15	17
ROADMAP 365
201	0	7	30
294	0	0	7
ROADMAP 366
23	0	19	30
405	0	0	2
45	0	0	17
ROADMAP 367
285	0	4	10
289	0	0	19
326	0	0	5
ROADMAP 368
63	0	3	30
227	0	0	3
ROADMAP 369
58	0	9	30
254	0	0	9
ROADMAP 370
277	15	0	15
ROADMAP 371
34	0	16	18
46	0	0	9
44	0	0	19
ROADMAP 372
52	0	7	15
7	0	0	22
ROADMAP 373
249	0	0	30
ROADMAP 374
294	0	8	20
52	0	0	15
7	0	0	3
ROADMAP 375
354	4	0	3
395	4	0	12
292	4	0	11
ROADMAP 376
23	0	27	30
405	0	0	2
45	0	0	25
ROADMAP 377
266	0	16	26
336	0	0	14
59	0	0	6
ROADMAP 378
208	0	6	8
2	0	19	23
208	0	8	18
14	0	0	14
ROADMAP 379
13	0	9	30
ROADMAP 380
7	0	3	30
349	0	0	3
ROADMAP 381
58	0	14	30
254	0	0	10
341	0	0	1
278	0	0	3
ROADMAP 382
44	0	24	30
262	0	0	3
237	2	0	16
219	2	0	3
ROADMAP 383
292	0	17	30
418	0	0	17
ROADMAP 384
289	0	10	19
326	0	0	7
ROADMAP 385
322	0	0	8
263	10	0	12
ROADMAP 386
34	0	8	18
46	0	0	9
44	0	0	11
ROADMAP 387
248	0	0	24
250	0	0	6
ROADMAP 423
198	0	25	30
56	3	0	21
29	3	0	1
ROADMAP 424
47	0	18	24
4	0	0	24
ROADMAP 425
360	5	0	8
39	5	0	17
ROADMAP 426
26	0	1	10
50	0	0	3
55	0	0	18
ROADMAP 427
12	0	25	30
35	0	0	14
51	0	0	7
245	0	0	1
215	0	0	3
ROADMAP 428
2	0	0	30
ROADMAP 429
61	0	9	26
216	0	0	13
ROADMAP 430
10	11	0	19
ROADMAP 431
201	5	0	25
ROADMAP 432
6	0	25	30
21	0	0	2
34	0	0	18
46	0	0	5
ROADMAP 433
43	0	29	30
234	0	0	14
42	0	0	15
ROADMAP 434
-318	0	22	15
-56	0	6	-1
335	0	0	7
251	0	0	9
ROADMAP 435
292	0	5	30
418	0	0	5
ROADMAP 436
35	0	11	14
51	0	0	7
245	0	0	1
215	0	0	19
ROADMAP 437
37	0	4	30
244	0	0	4
ROADMAP 438
210	0	0	8
20	0	14	17
415	0	0	6
334	4	0	9
ROADMAP 439
266	0	24	26
336	0	0	14
59	0	0	8
27	0	0	6
ROADMAP 440
28	0	11	30
325	3	0	8
ROADMAP 441
9	0	17	30
239	0	0	2
425	14	0	1
ROADMAP 442
24	0	1	28
8	0	0	3
ROADMAP 443
300	0	5	30
296	0	0	5
ROADMAP 444
55	0	15	21
15	0	0	24
ROADMAP 445
43	0	29	30
234	0	0	14
42	0	0	15
ROADMAP 446
29	0	5	30
210	0	0	5
ROADMAP 447
63	11	0	19
ROADMAP 448
359	0	5	10
24	0	0	25
ROADMAP 449
392	0	17	27
353	0	0	20
ROADMAP 450
54	0	13	16
221	0	0	10
281	0	0	2
ROADMAP 451
222	0	2	30
266	0	0	2
ROADMAP 452
237	0	0	16
219	0	0	14
ROADMAP 453
385	0	0	10
263	0	0	20
ROADMAP 454
348	0	28	30
ROADMAP 586
11	0	21	30
447	15	0	6
ROADMAP 587
313	0	10	12
9	0	0	28
ROADMAP 588
209	0	28	30
327	0	0	13
303	1	0	14
ROADMAP 589
56	0	12	21
29	0	0	21
ROADMAP 590
26	0	4	10
50	0	0	3
55	0	0	21
ROADMAP 591
45	0	0	30
ROADMAP 592
211	0	20	25
198	0	0	25
ROADMAP 593
61	0	11	26
216	0	0	15
ROADMAP 594
42	0	5	22
41	0	0	13
ROADMAP 595
266	0	3	26
336	0	0	7
ROADMAP 596
392	0	16	27
353	0	0	19
ROADMAP 597
211	0	0	25
198	0	0	5
ROADMAP 598
285	0	5	10
289	0	0	19
326	0	0	6
ROADMAP 599
58	0	10	30
254	0	0	10
ROADMAP 600
16	0	28	30
30	0	0	7
1	0	0	21
ROADMAP 601
586	0	13	15
447	0	0	11
63	0	0	17
ROADMAP 602
3	0	25	30
48	0	0	16
54	0	0	9
ROADMAP 603
39	0	4	19
6	0	0	15
ROADMAP 604
18	0	17	30
61	0	0	17
ROADMAP 605
313	0	8	12
9	0	0	26
ROADMAP 606
344	0	9	13
279	0	0	6
53	0	0	20
ROADMAP 607
47	0	11	24
4	0	0	17
ROADMAP 608
4	0	20	30
410	0	0	8
431	6	0	5
201	6	0	1
ROADMAP 609
64	0	7	18
43	0	0	19
ROADMAP 610
53	0	26	29
16	0	0	27
ROADMAP 611
206	0	1	21
33	0	0	10
ROADMAP 612
408	0	9	30
ROADMAP 613
219	0	0	19
202	0	0	6
28	0	0	5
ROADMAP 614
319	0	4	17
200	1	0	16
ROADMAP 615
450	0	10	15
398	14	0	11
ROADMAP 616
215	0	4	30
408	0	0	4
ROADMAP 617
29	0	19	30
210	0	0	8
20	0	14	17
415	0	0	6
438	0	0	2
ROADMAP 455
41	0	11	30
60	0	0	11
ROADMAP 456
341	0	0	1
278	0	0	19
207	0	0	9
206	0	0	1
ROADMAP 457
198	0	12	30
423	0	0	3
56	0	0	9
ROADMAP 458
289	0	2	19
326	0	0	7
384	0	0	6
ROADMAP 459
7	0	1	30
349	0	0	1
ROADMAP 460
370	0	6	15
277	0	0	21
ROADMAP 461
201	0	25	30
294	0	0	20
52	0	0	5
ROADMAP 462
55	0	7	21
15	0	0	16
ROADMAP 463
5	0	17	30
205	0	0	17
ROADMAP 464
334	0	2	14
233	0	0	18
ROADMAP 465
252	0	5	30
391	0	0	5
ROADMAP 466
272	0	9	16
268	0	0	10
47	0	0	13
ROADMAP 467
62	0	14	18
36	0	0	26
ROADMAP 468
363	0	10	28
ROADMAP 469
27	0	27	30
322	0	0	8
385	0	0	10
263	0	0	9
ROADMAP 470
3	0	0	30
ROADMAP 471
24	0	5	28
8	0	0	7
ROADMAP 472
220	0	17	30
284	0	0	12
49	0	0	5
ROADMAP 473
18	0	12	30
61	0	0	12
ROADMAP 474
20	0	17	18
2	0	0	29
ROADMAP 475
209	0	23	30
327	0	0	13
588	0	0	1
303	0	0	9
ROADMAP 476
4	0	15	30
410	0	0	8
608	0	0	6
431	0	0	1
ROADMAP 477
198	0	26	30
423	0	0	3
56	0	0	21
29	0	0	2
ROADMAP 478
49	0	14	30
223	0	0	14
ROADMAP 479
58	0	6	30
254	0	0	6
ROADMAP 480
63	0	9	30
227	0	0	9
ROADMAP 481
220	0	27	30
284	0	0	12
49	0	0	15
ROADMAP 482
240	0	12	26
259	0	0	4
58	0	0	12
ROADMAP 483
219	0	10	19
202	0	0	6
28	0	0	15
ROADMAP 484
289	0	0	19
326	0	0	7
384	0	0	4
ROADMAP 485
33	0	3	30
64	0	0	3
ROADMAP 486
37	0	23	30
244	0	0	9
199	3	0	11
ROADMAP 618
33	0	15	30
64	0	0	15
ROADMAP 619
395	0	10	12
292	0	0	28
ROADMAP 620
248	0	9	24
250	0	0	10
399	0	0	1
220	0	0	4
ROADMAP 621
240	0	17	26
259	0	0	4
58	0	0	17
ROADMAP 622
318	0	7	29
319	0	0	8
ROADMAP 623
14	0	27	30
344	0	0	13
279	0	0	6
53	0	0	8
ROADMAP 624
277	0	23	30
-318	6	24	15
-56	6	6	-1
335	6	0	1
ROADMAP 625
53	0	8	29
16	0	0	9
ROADMAP 626
392	0	20	27
353	0	0	23
ROADMAP 627
47	0	19	24
4	0	0	25
ROADMAP 628
44	0	7	30
262	0	0	3
382	0	0	2
237	0	0	2
ROADMAP 629
64	0	6	18
43	0	0	18
ROADMAP 630
259	0	2	4
58	0	0	28
ROADMAP 631
385	0	0	10
263	0	0	20
ROADMAP 632
206	0	18	21
33	0	0	27
ROADMAP 633
54	0	9	16
221	0	0	10
281	0	0	2
450	0	0	11
ROADMAP 634
57	0	5	9
40	0	0	16
29	0	7	9
40	0	16	24
ROADMAP 635
1	0	29	30
204	1	0	23
25	1	0	3
17	1	0	2
ROADMAP 636
24	0	8	28
8	0	0	10
ROADMAP 637
211	0	4	25
198	0	0	9
ROADMAP 638
57	0	0	9
40	0	0	16
29	0	7	9
40	0	16	19
ROADMAP 639
204	0	2	23
25	0	0	3
17	0	0	6
ROADMAP 640
370	21	0	9
ROADMAP 641
52	0	10	15
7	0	0	25
ROADMAP 642
49	0	3	30
223	0	0	3
ROADMAP 643
24	0	14	28
8	0	0	16
ROADMAP 644
39	0	7	19
6	0	0	18
ROADMAP 645
303	0	22	30
332	0	0	5
392	0	0	17
ROADMAP 646
11	0	14	30
586	0	0	14
ROADMAP 647
243	0	19	20
56	0	19	21
29	0	0	27
ROADMAP 648
233	0	21	26
203	0	0	25
ROADMAP 649
303	0	2	30
332	0	0	2
ROADMAP 487
319	0	8	17
614	0	0	1
200	0	0	20
ROADMAP 488
203	0	10	30
212	0	0	10
ROADMAP 489
204	0	18	23
25	0	0	3
17	0	0	13
3	0	0	9
ROADMAP 490
408	0	14	30
612	0	0	9
ROADMAP 491
454	0	21	28
241	3	0	20
ROADMAP 492
348	0	9	30
454	0	0	9
ROADMAP 493
198	0	28	30
423	0	0	3
56	0	0	21
29	0	0	4
ROADMAP 494
17	0	5	13
3	0	0	22
ROADMAP 495
234	0	11	14
42	0	0	22
41	0	0	5
ROADMAP 496
26	0	9	10
50	0	0	3
55	0	0	21
15	0	0	5
ROADMAP 497
359	0	0	10
24	0	0	20
ROADMAP 498
7	0	9	30
349	0	0	9
ROADMAP 499
348	0	13	30
454	0	0	13
ROADMAP 500
5	0	1	30
205	0	0	1
ROADMAP 501
421	28	0	2
ROADMAP 502
33	0	13	30
64	0	0	13
ROADMAP 503
241	0	9	30
ROADMAP 504
296	0	17	25
12	0	0	22
ROADMAP 505
59	0	6	8
27	0	0	28
ROADMAP 506
40	0	12	16
29	0	7	9
40	0	16	28
313	0	0	12
ROADMAP 507
209	0	15	30
327	0	0	13
588	0	0	1
303	0	0	1
ROADMAP 508
204	0	10	23
25	0	0	3
17	0	0	13
3	0	0	1
ROADMAP 509
212	0	6	17
209	0	0	19
ROADMAP 510
319	0	16	17
614	0	0	1
200	0	0	28
ROADMAP 511
284	0	6	12
49	0	0	24
ROADMAP 512
303	0	2	30
332	0	0	2
ROADMAP 513
58	0	10	30
254	0	0	10
ROADMAP 514
418	0	19	22
650	0	0	21
401	3	0	3
ROADMAP 515
421	0	3	5
252	0	0	28
ROADMAP 516
225	0	2	15
304	0	0	6
222	0	0	11
ROADMAP 517
48	0	14	16
54	0	0	16
221	0	0	10
281	0	0	2
ROADMAP 518
408	0	20	30
612	0	0	9
490	0	0	5
375	4	0	2
ROADMAP 650
418	0	13	22
ROADMAP 651
300	0	9	30
296	0	0	9
ROADMAP 652
635	0	0	1
204	0	0	23
25	0	0	3
17	0	0	3
ROADMAP 653
15	0	8	30
225	0	0	8
ROADMAP 654
4	0	21	30
410	0	0	8
608	0	0	6
431	0	0	5
201	0	0	2
ROADMAP 655
296	0	20	25
12	0	0	25
ROADMAP 656
19	0	27	30
247	0	0	9
211	0	0	18
ROADMAP 657
216	0	17	19
257	0	0	27
270	0	0	1
ROADMAP 658
319	0	12	17
614	0	0	1
200	0	0	24
ROADMAP 659
15	0	8	30
225	0	0	8
ROADMAP 660
224	0	5	6
248	0	0	24
250	0	0	5
ROADMAP 661
278	0	10	19
207	0	0	9
206	0	0	12
ROADMAP 662
332	0	4	5
392	0	0	27
353	0	0	2
ROADMAP 663
219	0	1	19
202	0	0	6
28	0	0	6
ROADMAP 664
363	0	23	28
468	0	0	12
11	6	0	7
ROADMAP 665
203	0	16	30
212	0	0	16
ROADMAP 666
27	0	27	30
322	0	0	8
385	0	0	10
263	0	0	9
ROADMAP 667
32	0	8	30
224	0	0	6
248	0	0	2
ROADMAP 668
327	0	6	13
588	0	0	1
303	0	0	22
ROADMAP 669
317	14	0	5
260	14	0	11
ROADMAP 670
27	0	5	30
322	0	0	5
ROADMAP 671
28	0	19	30
440	0	0	3
325	0	0	8
243	0	0	8
ROADMAP 672
296	0	21	25
12	0	0	26
ROADMAP 673
408	0	3	30
612	0	0	3
ROADMAP 674
304	0	1	6
222	0	0	25
ROADMAP 675
197	0	23	30
240	0	0	23
ROADMAP 676
300	0	13	30
296	0	0	13
ROADMAP 677
319	0	3	17
614	0	0	1
200	0	0	15
ROADMAP 678
11	0	22	30
586	0	0	15
447	0	0	7
ROADMAP 679
-56	0	3	-1
335	0	0	7
251	0	0	12
5	0	0	7
ROADMAP 680
228	0	10	30
293	0	0	7
314	0	0	3
ROADMAP 681
240	0	16	26
259	0	0	4
58	0	0	16
ROADMAP 519
23	2	0	28
ROADMAP 520
14	0	19	30
344	0	0	13
279	0	0	6
ROADMAP 521
222	0	2	30
266	0	0	2
ROADMAP 522
223	0	19	20
231	0	0	3
37	0	0	26
ROADMAP 523
418	0	7	22
650	0	0	15
ROADMAP 524
55	0	13	21
15	0	0	22
ROADMAP 525
252	0	0	30
ROADMAP 526
431	0	2	5
201	0	0	27
ROADMAP 527
56	0	3	21
29	0	0	12
ROADMAP 528
8	0	9	30
318	0	0	9
ROADMAP 529
46	0	7	9
44	0	0	28
ROADMAP 530
62	0	4	18
36	0	0	16
ROADMAP 531
220	0	22	30
284	0	0	12
49	0	0	10
ROADMAP 532
336	0	12	14
59	0	0	8
27	0	0	20
ROADMAP 533
263	0	10	21
18	0	0	19
ROADMAP 534
408	0	3	30
612	0	0	3
ROADMAP 535
37	0	8	30
244	0	0	8
ROADMAP 536
58	0	4	30
254	0	0	4
ROADMAP 537
197	0	17	30
240	0	0	17
ROADMAP 538
344	0	4	13
279	0	0	6
53	0	0	15
ROADMAP 539
33	0	25	30
64	0	0	18
43	0	0	7
ROADMAP 540
7	0	8	30
349	0	0	8
ROADMAP 541
249	0	24	30
359	0	0	10
24	0	0	14
ROADMAP 542
24	0	2	28
8	0	0	4
ROADMAP 543
200	0	23	30
210	0	15	17
364	0	0	1
669	0	0	14
317	0	0	5
260	0	0	1
ROADMAP 544
272	0	8	16
268	0	0	10
47	0	0	12
ROADMAP 545
237	0	5	16
219	0	0	19
ROADMAP 546
8	0	28	30
318	0	0	28
ROADMAP 547
379	0	3	9
519	12	0	2
23	12	0	10
ROADMAP 548
210	0	7	8
20	0	14	16
210	0	8	20
340	0	0	1
208	0	0	8
2	0	19	23
208	0	8	10
ROADMAP 549
501	0	7	28
421	0	0	5
252	0	0	4
ROADMAP 550
20	0	10	18
2	0	0	22
ROADMAP 682
5	0	26	30
205	0	0	23
285	0	0	3
ROADMAP 683
327	0	6	13
588	0	0	1
303	0	0	22
ROADMAP 684
230	0	10	30
329	0	0	10
ROADMAP 685
635	0	0	1
204	0	0	23
25	0	0	3
17	0	0	3
ROADMAP 686
441	0	4	14
425	0	0	5
360	0	0	8
39	0	0	7
ROADMAP 687
215	0	1	30
408	0	0	1
ROADMAP 688
418	0	19	22
650	0	0	21
514	0	0	3
401	0	0	3
ROADMAP 689
39	0	5	19
6	0	0	16
ROADMAP 690
19	0	28	30
247	0	0	9
211	0	0	19
ROADMAP 691
246	0	20	30
20	0	0	18
2	0	0	2
ROADMAP 692
228	0	27	30
293	0	0	7
314	0	0	4
302	0	0	1
197	0	0	15
ROADMAP 693
275	0	3	12
236	0	0	11
57	0	0	9
40	0	0	1
ROADMAP 694
48	0	3	16
54	0	0	16
221	0	0	1
ROADMAP 695
43	0	13	30
234	0	0	13
ROADMAP 696
20	0	15	17
415	0	0	6
438	0	0	4
334	0	0	14
233	0	0	4
ROADMAP 697
32	0	6	30
224	0	0	6
ROADMAP 698
53	0	16	29
16	0	0	17
ROADMAP 699
56	0	19	21
29	0	0	28
ROADMAP 700
27	0	19	30
322	0	0	8
385	0	0	10
263	0	0	1
ROADMAP 701
31	0	17	26
19	0	0	21
ROADMAP 702
13	0	14	30
379	0	0	9
547	0	0	5
ROADMAP 703
209	0	14	30
327	0	0	13
588	0	0	1
ROADMAP 704
468	0	5	12
664	0	0	6
11	0	0	17
ROADMAP 705
55	0	15	21
15	0	0	24
ROADMAP 706
48	0	6	16
54	0	0	16
221	0	0	4
ROADMAP 707
640	0	9	21
370	0	0	15
277	0	0	3
ROADMAP 708
278	0	0	19
207	0	0	9
206	0	0	2
ROADMAP 709
241	0	14	30
503	0	0	9
ROADMAP 710
18	0	7	30
61	0	0	7
ROADMAP 711
22	0	21	30
272	0	0	16
268	0	0	5
ROADMAP 712
11	0	21	30
586	0	0	15
447	0	0	6
ROADMAP 713
248	0	16	24
250	0	0	10
399	0	0	1
220	0	0	11
ROADMAP 551
221	0	5	10
281	0	0	2
450	0	0	15
615	0	0	8
ROADMAP 552
200	0	3	30
210	0	15	17
364	0	0	1
ROADMAP 553
410	0	7	8
608	0	0	6
431	0	0	5
201	0	0	18
ROADMAP 554
392	0	17	27
353	0	0	20
ROADMAP 555
203	0	14	30
212	0	0	14
ROADMAP 556
240	0	3	26
259	0	0	4
58	0	0	3
ROADMAP 557
14	0	17	30
344	0	0	13
279	0	0	4
ROADMAP 558
200	0	10	30
210	0	15	17
364	0	0	1
669	0	0	7
ROADMAP 559
401	0	15	18
230	0	0	27
ROADMAP 560
7	0	5	30
349	0	0	5
ROADMAP 561
454	0	15	28
491	0	0	3
241	0	0	14
ROADMAP 562
1	0	6	30
635	0	0	1
204	0	0	5
ROADMAP 563
314	0	1	4
302	0	0	1
197	0	0	26
ROADMAP 564
336	0	0	14
59	0	0	8
27	0	0	8
ROADMAP 565
53	0	1	29
16	0	0	2
ROADMAP 566
1	0	1	30
635	0	0	1
ROADMAP 567
241	0	29	30
503	0	0	9
709	0	0	5
501	3	0	12
ROADMAP 568
313	0	7	12
9	0	0	25
ROADMAP 569
257	0	1	27
270	0	0	3
238	0	0	1
ROADMAP 570
431	0	0	5
201	0	0	25
ROADMAP 571
30	0	1	7
1	0	0	24
ROADMAP 572
344	0	9	13
279	0	0	6
53	0	0	20
ROADMAP 573
29	0	6	30
210	0	0	6
ROADMAP 574
32	0	14	30
224	0	0	6
248	0	0	8
ROADMAP 575
501	0	1	28
421	0	0	3
ROADMAP 576
44	0	11	30
262	0	0	3
382	0	0	2
237	0	0	6
ROADMAP 577
41	0	29	30
60	0	0	17
312	0	0	1
417	0	0	6
31	0	0	5
ROADMAP 578
49	0	2	30
223	0	0	2
ROADMAP 579
370	0	7	15
277	0	0	22
ROADMAP 580
248	0	13	24
250	0	0	10
399	0	0	1
220	0	0	8
ROADMAP 581
-56	0	4	-1
335	0	0	7
251	0	0	12
5	0	0	6
ROADMAP 582
586	0	8	15
447	0	0	11
63	0	0	12
ROADMAP 714
240	0	2	26
259	0	0	4
58	0	0	2
ROADMAP 715
12	0	26	30
35	0	0	14
51	0	0	7
245	0	0	1
215	0	0	4
ROADMAP 716
201	0	21	30
294	0	0	20
52	0	0	1
ROADMAP 717
64	0	3	18
43	0	0	15
ROADMAP 718
348	12	0	18
ROADMAP 719
278	0	11	19
207	0	0	9
206	0	0	13
ROADMAP 720
51	0	3	7
245	0	0	1
215	0	0	25
ROADMAP 721
37	0	21	30
244	0	0	9
486	0	0	3
199	0	0	9
ROADMAP 722
349	0	4	23
640	3	0	8
ROADMAP 723
624	0	1	6
-318	0	24	15
-56	0	6	-1
335	0	0	7
251	0	0	2
ROADMAP 724
503	0	0	9
709	0	0	5
567	0	0	3
501	0	0	13
ROADMAP 725
225	0	14	15
304	0	0	6
222	0	0	23
ROADMAP 726
20	0	5	18
2	0	0	17
ROADMAP 727
29	0	17	30
210	0	0	8
20	0	14	17
415	0	0	6
ROADMAP 728
277	0	1	30
624	0	0	1
ROADMAP 729
385	0	2	10
263	0	0	21
18	0	0	1
ROADMAP 730
197	0	3	30
240	0	0	3
ROADMAP 731
268	0	3	10
47	0	0	23
ROADMAP 732
348	0	26	30
454	0	0	26
ROADMAP 733
40	0	15	16
29	0	7	9
40	0	16	28
313	0	0	12
9	0	0	3
ROADMAP 734
454	0	20	28
491	0	0	3
241	0	0	19
ROADMAP 735
300	0	13	30
296	0	0	13
ROADMAP 736
12	0	9	30
35	0	0	9
ROADMAP 737
24	0	25	28
8	0	0	27
ROADMAP 738
45	0	22	30
295	0	0	3
228	0	0	19
ROADMAP 739
252	0	1	30
391	0	0	1
ROADMAP 740
209	0	8	30
327	0	0	8
ROADMAP 741
27	0	14	30
322	0	0	8
385	0	0	6
ROADMAP 742
14	0	29	30
344	0	0	13
279	0	0	6
53	0	0	10
ROADMAP 743
237	0	3	16
219	0	0	17
ROADMAP 744
45	0	29	30
295	0	0	3
228	0	0	26
ROADMAP 745
40	0	21	28
313	0	0	12
9	0	0	11
ROADMAP 746
19	0	22	30
247	0	0	9
211	0	0	13
ROADMAP 747
3	0	4	30
48	0	0	4
ROADMAP 748
454	0	5	28
491	0	0	3
241	0	0	4
ROADMAP 749
201	0	27	30
294	0	0	20
52	0	0	7
ROADMAP 750
49	0	21	30
223	0	0	20
231	0	0	1
ROADMAP 751
57	0	1	9
40	0	0	16
29	0	7	9
40	0	16	20
ROADMAP 752
234	0	10	14
42	0	0	22
41	0	0	4
ROADMAP 753
615	0	1	14
398	0	0	17
ROADMAP 754
490	0	3	5
518	0	0	4
375	0	0	4
354	0	0	3
395	0	0	12
292	0	0	5
ROADMAP 755
349	0	20	23
722	0	0	3
640	0	0	21
370	0	0	3
ROADMAP 756
14	0	29	30
344	0	0	13
279	0	0	6
53	0	0	10
ROADMAP 757
12	0	27	30
35	0	0	14
51	0	0	7
245	0	0	1
215	0	0	5
ROADMAP 758
318	0	27	29
319	0	0	17
614	0	0	1
200	0	0	10
ROADMAP 759
503	0	1	9
709	0	0	5
567	0	0	3
501	0	0	14
ROADMAP 760
37	0	6	30
244	0	0	6
ROADMAP 761
359	0	7	10
24	0	0	27
ROADMAP 762
211	0	20	25
198	0	0	25
ROADMAP 763
14	0	3	30
344	0	0	3
ROADMAP 764
501	0	9	28
421	0	0	5
252	0	0	6
ROADMAP 765
392	0	15	27
353	0	0	18
ROADMAP 766
17	0	10	13
3	0	0	27
ROADMAP 767
224	0	3	6
248	0	0	24
250	0	0	3
ROADMAP 768
391	0	10	14
316	0	0	16
56	0	1	7
316	0	16	20
ROADMAP 769
19	0	6	30
247	0	0	6
ROADMAP 770
650	0	3	21
514	0	0	3
401	0	0	9
ROADMAP 771
47	0	5	24
4	0	0	11
ROADMAP 772
14	0	15	30
344	0	0	13
279	0	0	2
ROADMAP 773
326	0	3	7
384	0	0	14
ROADMAP 774
450	0	5	15
615	0	0	14
398	0	0	6
ROADMAP 775
8	0	18	30
318	0	0	18
ROADMAP 776
313	0	1	12
9	0	0	19
ROADMAP 777
64	0	8	18
43	0	0	20
ROADMAP 33
ROADMAP 34
6	0	20	30
21	0	0	2
ROADMAP 35
12	0	14	30
ROADMAP 36
ROADMAP 37
ROADMAP 38
36	0	9	30
22	5	0	4
ROADMAP 39
6	19	0	11
ROADMAP 40
29	16	7	9
ROADMAP 41
ROADMAP 42
41	22	0	8
ROADMAP 43
ROADMAP 44
ROADMAP 45
ROADMAP 46
44	9	0	21
ROADMAP 47
4	24	0	6
ROADMAP 48
3	0	16	30
ROADMAP 49
ROADMAP 50
10	0	13	30
26	0	0	10
ROADMAP 51
12	0	21	30
35	0	0	14
ROADMAP 52
7	15	0	15
ROADMAP 53
16	29	0	1
ROADMAP 54
48	0	2	16
ROADMAP 55
26	0	8	10
50	0	0	3
15	21	0	4
ROADMAP 56
29	21	0	9
ROADMAP 57
40	9	0	16
29	9	7	9
40	9	16	19
ROADMAP 58
ROADMAP 59
27	8	0	22
ROADMAP 60
41	0	17	30
ROADMAP 61
18	0	26	30
ROADMAP 62
36	18	0	12
ROADMAP 63
ROADMAP 64
33	0	28	30
43	18	0	10
ROADMAP 65
354	0	0	3
395	0	0	12
292	0	0	15
ROADMAP 66
19	0	18	30
247	0	0	9
211	0	0	9
ROADMAP 67
418	0	10	22
650	0	0	18
ROADMAP 68
300	0	17	30
296	0	0	17
ROADMAP 69
19	0	24	30
247	0	0	9
211	0	0	15
ROADMAP 70
249	0	21	30
359	0	0	10
24	0	0	11
ROADMAP 71
2	0	12	30
291	0	0	1
ROADMAP 72
5	0	14	30
205	0	0	14
ROADMAP 73
222	0	6	30
266	0	0	6
ROADMAP 74
417	0	4	6
31	0	0	26
19	0	0	2
ROADMAP 75
270	0	2	3
238	0	0	6
13	0	0	23
ROADMAP 76
29	0	15	30
210	0	0	8
20	0	14	16
210	0	8	13
ROADMAP 77
54	0	5	16
221	0	0	10
281	0	0	2
450	0	0	7
ROADMAP 78
39	0	2	19
6	0	0	13
ROADMAP 79
32	0	7	30
224	0	0	6
248	0	0	1
ROADMAP 80
220	0	22	30
284	0	0	12
49	0	0	10
ROADMAP 81
54	0	11	16
221	0	0	10
281	0	0	2
450	0	0	13
ROADMAP 82
9	0	16	30
239	0	0	2
441	0	0	14
ROADMAP 83
236	0	0	11
57	0	0	9
40	0	0	10
ROADMAP 84
23	0	22	30
405	0	0	2
45	0	0	20
ROADMAP 85
206	0	4	21
33	0	0	13
ROADMAP 86
55	0	13	21
15	0	0	22
ROADMAP 87
37	0	11	30
244	0	0	9
486	0	0	2
ROADMAP 88
56	0	6	21
29	0	0	15
ROADMAP 89
329	0	16	19
363	0	0	27
ROADMAP 90
2	0	9	30
291	0	0	1
71	0	0	8
ROADMAP 91
63	0	5	30
227	0	0	5
ROADMAP 92
31	0	19	26
19	0	0	23
ROADMAP 93
41	0	17	30
60	0	0	17
ROADMAP 94
222	0	19	30
266	0	0	19
ROADMAP 95
547	0	4	12
519	0	0	2
23	0	0	20
ROADMAP 96
43	0	2	30
234	0	0	2
ROADMAP 129
441	0	1	14
425	0	0	5
360	0	0	8
39	0	0	4
ROADMAP 130
42	0	6	22
41	0	0	14
ROADMAP 131
278	0	9	19
207	0	0	9
206	0	0	11
ROADMAP 132
263	0	5	21
18	0	0	14
ROADMAP 133
251	0	7	12
5	0	0	25
ROADMAP 134
353	0	6	23
249	6	0	7
ROADMAP 135
8	0	2	30
318	0	0	2
ROADMAP 136
401	0	11	18
230	0	0	23
ROADMAP 137
13	0	18	30
379	0	0	9
547	0	0	9
ROADMAP 138
303	0	4	30
332	0	0	4
ROADMAP 139
56	0	9	21
29	0	0	18
ROADMAP 140
413	0	1	9
300	0	0	22
ROADMAP 141
10	0	24	30
26	0	0	10
50	0	0	3
55	0	0	11
ROADMAP 142
11	0	23	30
586	0	0	15
447	0	0	8
ROADMAP 143
491	0	1	3
241	0	0	28
ROADMAP 144
260	0	15	16
32	0	0	29
ROADMAP 145
3	0	4	30
48	0	0	4
ROADMAP 146
53	0	23	29
16	0	0	24
ROADMAP 147
215	0	26	30
408	0	0	26
ROADMAP 148
ROADMAP 129
441	0	1	14
425	0	0	5
360	0	0	8
39	0	0	4
ROADMAP 130
42	0	6	22
41	0	0	14
ROADMAP 131
278	0	9	19
207	0	0	9
206	0	0	11
ROADMAP 132
263	0	5	21
18	0	0	14
ROADMAP 133
251	0	7	12
5	0	0	25
ROADMAP 134
353	0	6	23
249	6	0	7
ROADMAP 135
8	0	2	30
318	0	0	2
ROADMAP 136
401	0	11	18
230	0	0	23
ROADMAP 137
13	0	18	30
379	0	0	9
547	0	0	9
ROADMAP 138
303	0	4	30
332	0	0	4
ROADMAP 139
56	0	9	21
29	0	0	18
ROADMAP 140
413	0	1	9
300	0	0	22
ROADMAP 141
10	0	24	30
26	0	0	10
50	0	0	3
55	0	0	11
ROADMAP 142
11	0	23	30
586	0	0	15
447	0	0	8
ROADMAP 143
491	0	1	3
241	0	0	28
ROADMAP 144
260	0	15	16
32	0	0	29
ROADMAP 145
3	0	4	30
48	0	0	4
ROADMAP 146
53	0	23	29
16	0	0	24
ROADMAP 147
215	0	26	30
408	0	0	26
ROADMAP 148
293	0	1	7
314	0	0	4
302	0	0	1
197	0	0	19
ROADMAP 149
211	0	0	25
198	0	0	5
ROADMAP 150
421	0	2	5
252	0	0	27
ROADMAP 151
203	0	14	30
212	0	0	14
ROADMAP 152
285	0	0	10
289	0	0	19
326	0	0	1
ROADMAP 153
8	0	9	30
318	0	0	9
ROADMAP 154
215	0	25	30
408	0	0	25
ROADMAP 155
430	7	0	11
10	7	0	12
ROADMAP 156
266	0	24	26
336	0	0	14
59	0	0	8
27	0	0	6
ROADMAP 157
49	0	3	30
223	0	0	3
ROADMAP 158
375	0	0	4
354	0	0	3
395	0	0	12
292	0	0	11
ROADMAP 159
348	0	5	30
454	0	0	5
ROADMAP 160
2	0	21	30
291	0	0	1
71	0	0	11
155	0	0	7
430	0	0	2
ROADMAP 161
278	0	15	19
207	0	0	9
206	0	0	17
ROADMAP 162
201	0	23	30
294	0	0	20
52	0	0	3
ROADMAP 163
-318	0	23	15
-56	0	6	-1
335	0	0	7
251	0	0	8
ROADMAP 164
279	0	1	6
53	0	0	25
ROADMAP 165
53	0	4	29
16	0	0	5
ROADMAP 166
363	0	20	28
468	0	0	12
664	0	0	6
11	0	0	4
ROADMAP 167
31	0	23	26
19	0	0	27
ROADMAP 168
34	0	6	18
46	0	0	9
44	0	0	9
ROADMAP 169
11	0	14	30
586	0	0	14
ROADMAP 170
225	0	2	15
304	0	0	6
222	0	0	11
ROADMAP 171
230	0	22	30
329	0	0	19
363	0	0	3
ROADMAP 172
709	0	4	5
567	0	0	3
501	0	0	26
ROADMAP 173
211	0	14	25
198	0	0	19
ROADMAP 174
292	0	16	30
418	0	0	16
ROADMAP 175
6	0	0	30
ROADMAP 176
246	0	17	30
20	0	0	17
ROADMAP 177
263	0	11	21
18	0	0	20
ROADMAP 178
197	0	27	30
240	0	0	26
259	0	0	1
ROADMAP 179
278	0	1	19
207	0	0	9
206	0	0	3
ROADMAP 180
19	0	3	30
247	0	0	3
ROADMAP 181
236	0	5	11
57	0	0	9
40	0	0	15
ROADMAP 182
200	0	7	30
210	0	15	17
364	0	0	1
669	0	0	4
ROADMAP 183
211	0	18	25
198	0	0	23
ROADMAP 184
56	0	13	21
29	0	0	22
ROADMAP 185
35	0	6	14
51	0	0	7
245	0	0	1
215	0	0	14
ROADMAP 186
41	0	0	30
ROADMAP 187
30	0	6	7
1	0	0	29
ROADMAP 188
3	0	23	30
48	0	0	16
54	0	0	7
ROADMAP 189
44	0	7	30
262	0	0	3
382	0	0	2
237	0	0	2
ROADMAP 190
230	0	4	30
329	0	0	4
ROADMAP 191
316	0	9	16
56	0	1	7
316	0	16	24
246	0	0	9
ROADMAP 192
29	0	8	30
210	0	0	8
ROADMAP 583
211	0	5	25
198	0	0	10
ROADMAP 584
567	0	2	3
501	0	0	28
421	0	0	1
ROADMAP 585
53	0	1	29
16	0	0	2
ROADMAP 778
348	0	1	30
454	0	0	1
ROADMAP 779
391	0	8	14
316	0	0	16
56	0	1	7
316	0	16	18
ROADMAP 780
398	0	28	30
413	0	0	9
300	0	0	19
ROADMAP 193
259	0	0	4
58	0	0	26
ROADMAP 194
277	0	9	30
624	0	0	6
-318	0	24	21
ROADMAP 195
10	0	18	30
26	0	0	10
50	0	0	3
55	0	0	5
ROADMAP 388
266	0	15	26
336	0	0	14
59	0	0	5
ROADMAP 389
61	0	24	26
216	0	0	19
257	0	0	9
ROADMAP 390
270	0	0	3
238	0	0	6
13	0	0	21
