ID	lgth	out	in	long_cov	short1_cov	short1_Ocov	short2_cov	short2_Ocov	long_nb	short1_nb	short2_nb
1	380	2	2	0.000000	14.628947	12.892105	0.000000	0.000000	0	N/A	N/A
2	392	1	2	0.000000	19.308673	18.992347	0.000000	0.000000	0	N/A	N/A
3	81	1	2	0.000000	14.876543	14.876543	0.000000	0.000000	0	N/A	N/A
4	8	2	2	0.000000	15.500000	8.125000	0.000000	0.000000	0	N/A	N/A
5	15	2	3	0.000000	26.866667	15.266667	0.000000	0.000000	0	N/A	N/A
6	78	1	1	0.000000	9.128205	9.128205	0.000000	0.000000	0	N/A	N/A
7	1117	2	2	0.000000	12.857654	12.350045	0.000000	0.000000	0	N/A	N/A
8	6	1	1	0.000000	3.666667	3.666667	0.000000	0.000000	0	N/A	N/A
9	11	3	2	0.000000	5.090909	5.090909	0.000000	0.000000	0	N/A	N/A
10	14	1	1	0.000000	4.000000	4.000000	0.000000	0.000000	0	N/A	N/A
11	7	3	2	0.000000	23.428571	19.000000	0.000000	0.000000	0	N/A	N/A
12	10	1	1	0.000000	10.800000	8.800000	0.000000	0.000000	0	N/A	N/A
13	12	2	3	0.000000	18.000000	4.583333	0.000000	0.000000	0	N/A	N/A
14	1	2	1	0.000000	16.000000	14.000000	0.000000	0.000000	0	N/A	N/A
15	20	2	1	0.000000	13.400000	12.150000	0.000000	0.000000	0	N/A	N/A
16	184	2	0	0.000000	2.951087	2.951087	0.000000	0.000000	0	N/A	N/A
17	17	2	1	0.000000	9.588235	9.588235	0.000000	0.000000	0	N/A	N/A
18	2	1	1	0.000000	10.000000	10.000000	0.000000	0.000000	0	N/A	N/A
19	8	1	1	0.000000	9.000000	9.000000	0.000000	0.000000	0	N/A	N/A
20	17	1	2	0.000000	13.470588	13.470588	0.000000	0.000000	0	N/A	N/A
21	208	1	2	0.000000	16.557692	15.995192	0.000000	0.000000	0	N/A	N/A
22	99	1	2	0.000000	4.919192	4.919192	0.000000	0.000000	0	N/A	N/A
23	6	2	2	0.000000	15.666667	14.000000	0.000000	0.000000	0	N/A	N/A
24	7	1	1	0.000000	8.714286	7.714286	0.000000	0.000000	0	N/A	N/A
25	171	0	2	0.000000	7.602339	7.514620	0.000000	0.000000	0	N/A	N/A
26	374	2	2	0.000000	16.109626	15.601604	0.000000	0.000000	0	N/A	N/A
27	22	2	1	0.000000	17.363636	17.363636	0.000000	0.000000	0	N/A	N/A
28	6	2	1	0.000000	18.000000	18.000000	0.000000	0.000000	0	N/A	N/A
29	3	1	1	0.000000	17.666667	17.666667	0.000000	0.000000	0	N/A	N/A
30	28	1	2	0.000000	18.428571	18.428571	0.000000	0.000000	0	N/A	N/A
31	65	1	0	0.000000	1.000000	1.000000	0.000000	0.000000	0	N/A	N/A
32	5	1	2	0.000000	3.200000	3.200000	0.000000	0.000000	0	N/A	N/A
33	9	1	1	0.000000	23.000000	21.222222	0.000000	0.000000	0	N/A	N/A
34	184	1	2	0.000000	16.326087	15.831522	0.000000	0.000000	0	N/A	N/A
35	452	1	2	0.000000	13.969027	13.360619	0.000000	0.000000	0	N/A	N/A
36	135	1	2	0.000000	9.525926	9.066667	0.000000	0.000000	0	N/A	N/A
37	31	1	1	0.000000	1.000000	1.000000	0.000000	0.000000	0	N/A	N/A
38	496	1	2	0.000000	16.705645	16.500000	0.000000	0.000000	0	N/A	N/A
39	214	2	2	0.000000	14.126168	13.616822	0.000000	0.000000	0	N/A	N/A
40	1325	1	2	0.000000	14.673208	14.267925	0.000000	0.000000	0	N/A	N/A
41	13	1	1	0.000000	9.076923	8.538462	0.000000	0.000000	0	N/A	N/A
42	2	2	2	0.000000	18.000000	17.000000	0.000000	0.000000	0	N/A	N/A
43	2	1	1	0.000000	9.000000	8.000000	0.000000	0.000000	0	N/A	N/A
44	6	2	2	0.000000	12.666667	11.666667	0.000000	0.000000	0	N/A	N/A
45	39	1	1	0.000000	8.128205	7.769231	0.000000	0.000000	0	N/A	N/A
46	29	1	1	0.000000	7.448276	7.448276	0.000000	0.000000	0	N/A	N/A
47	10	1	2	0.000000	14.800000	14.200000	0.000000	0.000000	0	N/A	N/A
48	69	2	0	0.000000	1.144928	1.144928	0.000000	0.000000	0	N/A	N/A
49	3	1	1	0.000000	7.333333	7.333333	0.000000	0.000000	0	N/A	N/A
50	31	1	1	0.000000	24.774194	24.774194	0.000000	0.000000	0	N/A	N/A
51	214	2	3	0.000000	21.228972	21.228972	0.000000	0.000000	0	N/A	N/A
52	712	0	2	0.000000	11.818820	11.266854	0.000000	0.000000	0	N/A	N/A
53	17	1	1	0.000000	8.235294	8.235294	0.000000	0.000000	0	N/A	N/A
54	14	1	2	0.000000	10.785714	10.785714	0.000000	0.000000	0	N/A	N/A
55	141	2	3	0.000000	11.744681	11.744681	0.000000	0.000000	0	N/A	N/A
56	250	1	2	0.000000	14.692000	14.320000	0.000000	0.000000	0	N/A	N/A
57	10	2	1	0.000000	18.300000	17.300000	0.000000	0.000000	0	N/A	N/A
58	5	2	1	0.000000	9.400000	9.400000	0.000000	0.000000	0	N/A	N/A
59	6	2	1	0.000000	2.500000	2.500000	0.000000	0.000000	0	N/A	N/A
60	6	1	1	0.000000	2.000000	2.000000	0.000000	0.000000	0	N/A	N/A
61	12	2	2	0.000000	3.000000	3.000000	0.000000	0.000000	0	N/A	N/A
62	7	1	1	0.000000	2.571429	2.571429	0.000000	0.000000	0	N/A	N/A
63	8	1	1	0.000000	12.875000	11.875000	0.000000	0.000000	0	N/A	N/A
64	129	1	1	0.000000	12.542636	12.302326	0.000000	0.000000	0	N/A	N/A
65	615	2	2	0.000000	12.518699	12.055285	0.000000	0.000000	0	N/A	N/A
66	1394	0	2	0.000000	10.162841	9.885222	0.000000	0.000000	0	N/A	N/A
67	64	1	2	0.000000	17.062500	16.906250	0.000000	0.000000	0	N/A	N/A
68	38	2	1	0.000000	1.078947	1.078947	0.000000	0.000000	0	N/A	N/A
69	14	1	1	0.000000	1.000000	1.000000	0.000000	0.000000	0	N/A	N/A
70	5	1	2	0.000000	20.400000	20.400000	0.000000	0.000000	0	N/A	N/A
71	32	1	2	0.000000	18.062500	16.687500	0.000000	0.000000	0	N/A	N/A
72	130	0	0	0.000000	5.576923	5.338462	0.000000	0.000000	0	N/A	N/A
73	72	1	0	0.000000	1.027778	1.027778	0.000000	0.000000	0	N/A	N/A
74	67	1	1	0.000000	16.522388	16.014925	0.000000	0.000000	0	N/A	N/A
75	49	2	1	0.000000	1.224490	1.224490	0.000000	0.000000	0	N/A	N/A
76	1	1	1	0.000000	2.000000	2.000000	0.000000	0.000000	0	N/A	N/A
77	1477	1	2	0.000000	12.744076	12.329045	0.000000	0.000000	0	N/A	N/A
78	529	1	2	0.000000	6.075614	5.899811	0.000000	0.000000	0	N/A	N/A
79	102	0	0	0.000000	3.323529	3.323529	0.000000	0.000000	0	N/A	N/A
80	5	1	1	0.000000	1.600000	1.600000	0.000000	0.000000	0	N/A	N/A
81	19	1	1	0.000000	10.631579	4.210526	0.000000	0.000000	0	N/A	N/A
82	67	1	0	0.000000	1.000000	1.000000	0.000000	0.000000	0	N/A	N/A
83	31	1	1	0.000000	1.000000	1.000000	0.000000	0.000000	0	N/A	N/A
84	64	1	0	0.000000	1.000000	1.000000	0.000000	0.000000	0	N/A	N/A
85	76	0	0	0.000000	1.052632	1.052632	0.000000	0.000000	0	N/A	N/A
86	108	0	2	0.000000	5.296296	5.296296	0.000000	0.000000	0	N/A	N/A
87	31	1	1	0.000000	1.032258	1.032258	0.000000	0.000000	0	N/A	N/A
88	31	1	1	0.000000	1.000000	1.000000	0.000000	0.000000	0	N/A	N/A
89	31	1	1	0.000000	1.354839	1.354839	0.000000	0.000000	0	N/A	N/A
90	9	1	1	0.000000	1.000000	1.000000	0.000000	0.000000	0	N/A	N/A
91	31	1	1	0.000000	1.193548	1.193548	0.000000	0.000000	0	N/A	N/A
92	69	1	0	0.000000	1.043478	1.043478	0.000000	0.000000	0	N/A	N/A
93	31	1	1	0.000000	1.000000	1.000000	0.000000	0.000000	0	N/A	N/A
94	31	1	1	0.000000	2.129032	2.129032	0.000000	0.000000	0	N/A	N/A
95	69	1	0	0.000000	1.043478	1.043478	0.000000	0.000000	0	N/A	N/A
96	1	1	2	0.000000	4.000000	4.000000	0.000000	0.000000	0	N/A	N/A
97	414	0	0	0.000000	8.567633	8.342995	0.000000	0.000000	0	N/A	N/A
98	65	1	0	0.000000	1.000000	1.000000	0.000000	0.000000	0	N/A	N/A
99	68	1	0	0.000000	1.000000	1.000000	0.000000	0.000000	0	N/A	N/A
100	62	1	1	0.000000	1.000000	1.000000	0.000000	0.000000	0	N/A	N/A
101	52	1	1	0.000000	1.788462	1.788462	0.000000	0.000000	0	N/A	N/A
102	31	1	1	0.000000	1.000000	1.000000	0.000000	0.000000	0	N/A	N/A
103	53	1	1	0.000000	1.150943	1.150943	0.000000	0.000000	0	N/A	N/A
104	50	2	2	0.000000	17.080000	17.080000	0.000000	0.000000	0	N/A	N/A
105	64	0	0	0.000000	1.000000	1.000000	0.000000	0.000000	0	N/A	N/A
106	76	2	2	0.000000	14.618421	14.210526	0.000000	0.000000	0	N/A	N/A
107	50	2	1	0.000000	11.860000	11.860000	0.000000	0.000000	0	N/A	N/A
108	31	1	1	0.000000	6.354839	6.354839	0.000000	0.000000	0	N/A	N/A
109	1	2	2	0.000000	14.000000	14.000000	0.000000	0.000000	0	N/A	N/A
110	27	1	1	0.000000	8.777778	8.777778	0.000000	0.000000	0	N/A	N/A
111	462	2	0	0.000000	8.629870	8.428571	0.000000	0.000000	0	N/A	N/A
112	282	1	2	0.000000	11.223404	10.712766	0.000000	0.000000	0	N/A	N/A
113	115	1	2	0.000000	12.643478	11.939130	0.000000	0.000000	0	N/A	N/A
114	235	2	0	0.000000	14.085106	13.417021	0.000000	0.000000	0	N/A	N/A
115	660	0	2	0.000000	9.665152	9.336364	0.000000	0.000000	0	N/A	N/A
116	643	2	2	0.000000	12.615863	11.741835	0.000000	0.000000	0	N/A	N/A
117	4	2	2	0.000000	14.250000	14.250000	0.000000	0.000000	0	N/A	N/A
118	46	1	1	0.000000	8.173913	6.565217	0.000000	0.000000	0	N/A	N/A
119	64	1	0	0.000000	1.000000	1.000000	0.000000	0.000000	0	N/A	N/A
120	6	1	1	0.000000	12.000000	10.166667	0.000000	0.000000	0	N/A	N/A
121	31	1	1	0.000000	2.000000	1.225806	0.000000	0.000000	0	N/A	N/A
122	656	2	2	0.000000	11.544207	11.259146	0.000000	0.000000	0	N/A	N/A
123	89	2	2	0.000000	12.764045	12.573034	0.000000	0.000000	0	N/A	N/A
124	31	1	1	0.000000	1.000000	1.000000	0.000000	0.000000	0	N/A	N/A
125	75	1	1	0.000000	7.640000	7.133333	0.000000	0.000000	0	N/A	N/A
126	7	1	2	0.000000	5.000000	5.000000	0.000000	0.000000	0	N/A	N/A
127	638	0	2	0.000000	8.449843	8.200627	0.000000	0.000000	0	N/A	N/A
128	10	1	1	0.000000	7.000000	7.000000	0.000000	0.000000	0	N/A	N/A
129	202	2	1	0.000000	5.099010	4.945545	0.000000	0.000000	0	N/A	N/A
130	6	1	1	0.000000	1.000000	1.000000	0.000000	0.000000	0	N/A	N/A
131	7	1	1	0.000000	1.000000	1.000000	0.000000	0.000000	0	N/A	N/A
132	10	1	1	0.000000	1.900000	1.900000	0.000000	0.000000	0	N/A	N/A
133	68	0	0	0.000000	1.000000	1.000000	0.000000	0.000000	0	N/A	N/A
134	25	1	1	0.000000	11.880000	2.840000	0.000000	0.000000	0	N/A	N/A
135	675	1	1	0.000000	14.457778	13.622222	0.000000	0.000000	0	N/A	N/A
136	31	1	1	0.000000	1.064516	1.064516	0.000000	0.000000	0	N/A	N/A
137	32	2	1	0.000000	9.875000	8.906250	0.000000	0.000000	0	N/A	N/A
138	721	1	2	0.000000	12.528433	12.221914	0.000000	0.000000	0	N/A	N/A
139	75	1	0	0.000000	1.040000	1.040000	0.000000	0.000000	0	N/A	N/A
140	298	1	2	0.000000	11.966443	11.614094	0.000000	0.000000	0	N/A	N/A
141	9	1	1	0.000000	5.000000	5.000000	0.000000	0.000000	0	N/A	N/A
142	66	1	0	0.000000	1.000000	1.000000	0.000000	0.000000	0	N/A	N/A
143	68	1	0	0.000000	1.000000	1.000000	0.000000	0.000000	0	N/A	N/A
144	64	0	0	0.000000	1.000000	1.000000	0.000000	0.000000	0	N/A	N/A
145	31	1	1	0.000000	2.000000	2.000000	0.000000	0.000000	0	N/A	N/A
146	31	1	1	0.000000	1.000000	1.000000	0.000000	0.000000	0	N/A	N/A
147	64	1	0	0.000000	1.000000	1.000000	0.000000	0.000000	0	N/A	N/A
148	17	1	1	0.000000	1.000000	1.000000	0.000000	0.000000	0	N/A	N/A
149	31	1	1	0.000000	1.193548	1.193548	0.000000	0.000000	0	N/A	N/A
150	67	1	1	0.000000	1.000000	1.000000	0.000000	0.000000	0	N/A	N/A
151	47	1	1	0.000000	1.000000	1.000000	0.000000	0.000000	0	N/A	N/A
152	12	1	1	0.000000	1.000000	1.000000	0.000000	0.000000	0	N/A	N/A
153	31	1	1	0.000000	1.000000	1.000000	0.000000	0.000000	0	N/A	N/A
154	90	1	0	0.000000	4.133333	4.133333	0.000000	0.000000	0	N/A	N/A
155	31	1	1	0.000000	1.000000	1.000000	0.000000	0.000000	0	N/A	N/A
156	67	1	0	0.000000	1.000000	1.000000	0.000000	0.000000	0	N/A	N/A
157	62	1	0	0.000000	1.000000	1.000000	0.000000	0.000000	0	N/A	N/A
158	68	1	0	0.000000	1.000000	1.000000	0.000000	0.000000	0	N/A	N/A
159	79	1	0	0.000000	11.101266	10.924051	0.000000	0.000000	0	N/A	N/A
160	38	2	2	0.000000	18.368421	17.921053	0.000000	0.000000	0	N/A	N/A
161	31	1	1	0.000000	21.419355	21.419355	0.000000	0.000000	0	N/A	N/A
162	31	1	1	0.000000	6.967742	6.967742	0.000000	0.000000	0	N/A	N/A
163	78	1	0	0.000000	1.102564	1.102564	0.000000	0.000000	0	N/A	N/A
164	31	1	1	0.000000	3.806452	2.967742	0.000000	0.000000	0	N/A	N/A
165	87	1	2	0.000000	4.379310	3.839080	0.000000	0.000000	0	N/A	N/A
166	9	1	1	0.000000	9.000000	9.000000	0.000000	0.000000	0	N/A	N/A
167	1	1	2	0.000000	10.000000	10.000000	0.000000	0.000000	0	N/A	N/A
168	21	1	2	0.000000	13.714286	13.714286	0.000000	0.000000	0	N/A	N/A
169	2	2	2	0.000000	25.500000	24.500000	0.000000	0.000000	0	N/A	N/A
170	2	2	1	0.000000	24.000000	23.000000	0.000000	0.000000	0	N/A	N/A
171	39	1	1	0.000000	17.589744	17.051282	0.000000	0.000000	0	N/A	N/A
172	441	2	0	0.000000	5.727891	5.696145	0.000000	0.000000	0	N/A	N/A
173	31	1	1	0.000000	16.935484	16.387097	0.000000	0.000000	0	N/A	N/A
174	360	1	2	0.000000	12.488889	12.058333	0.000000	0.000000	0	N/A	N/A
175	68	1	0	0.000000	1.264706	1.264706	0.000000	0.000000	0	N/A	N/A
176	33	1	2	0.000000	10.030303	10.030303	0.000000	0.000000	0	N/A	N/A
177	1	1	2	0.000000	11.000000	10.000000	0.000000	0.000000	0	N/A	N/A
178	1	1	1	0.000000	6.000000	6.000000	0.000000	0.000000	0	N/A	N/A
179	8	1	2	0.000000	17.750000	17.750000	0.000000	0.000000	0	N/A	N/A
180	1	1	2	0.000000	40.000000	40.000000	0.000000	0.000000	0	N/A	N/A
181	3	1	2	0.000000	47.000000	47.000000	0.000000	0.000000	0	N/A	N/A
182	4	2	2	0.000000	50.250000	50.250000	0.000000	0.000000	0	N/A	N/A
183	4	2	1	0.000000	48.750000	48.750000	0.000000	0.000000	0	N/A	N/A
184	4	2	1	0.000000	38.750000	38.750000	0.000000	0.000000	0	N/A	N/A
185	2	1	1	0.000000	34.000000	34.000000	0.000000	0.000000	0	N/A	N/A
186	4	1	3	0.000000	47.000000	47.000000	0.000000	0.000000	0	N/A	N/A
187	1	2	2	0.000000	46.000000	46.000000	0.000000	0.000000	0	N/A	N/A
188	3	2	2	0.000000	48.000000	48.000000	0.000000	0.000000	0	N/A	N/A
189	1	1	1	0.000000	47.000000	47.000000	0.000000	0.000000	0	N/A	N/A
190	5	1	2	0.000000	49.600000	49.600000	0.000000	0.000000	0	N/A	N/A
191	3	2	2	0.000000	65.333333	61.666667	0.000000	0.000000	0	N/A	N/A
192	1	2	1	0.000000	50.000000	50.000000	0.000000	0.000000	0	N/A	N/A
193	3	2	1	0.000000	31.666667	31.666667	0.000000	0.000000	0	N/A	N/A
194	27	1	1	0.000000	13.629630	9.185185	0.000000	0.000000	0	N/A	N/A
195	492	1	2	0.000000	16.483740	15.176829	0.000000	0.000000	0	N/A	N/A
196	193	1	1	0.000000	8.000000	7.046632	0.000000	0.000000	0	N/A	N/A
197	1	2	1	0.000000	8.000000	8.000000	0.000000	0.000000	0	N/A	N/A
198	21	2	1	0.000000	8.619048	8.619048	0.000000	0.000000	0	N/A	N/A
199	265	0	2	0.000000	8.716981	8.516981	0.000000	0.000000	0	N/A	N/A
200	1	1	1	0.000000	12.000000	12.000000	0.000000	0.000000	0	N/A	N/A
201	170	2	2	0.000000	9.611765	9.429412	0.000000	0.000000	0	N/A	N/A
202	4	2	1	0.000000	17.250000	17.250000	0.000000	0.000000	0	N/A	N/A
203	7	1	2	0.000000	8.428571	8.428571	0.000000	0.000000	0	N/A	N/A
204	31	1	1	0.000000	15.387097	15.387097	0.000000	0.000000	0	N/A	N/A
205	23	1	2	0.000000	15.739130	14.826087	0.000000	0.000000	0	N/A	N/A
206	6	1	1	0.000000	1.000000	1.000000	0.000000	0.000000	0	N/A	N/A
207	26	1	1	0.000000	12.269231	12.269231	0.000000	0.000000	0	N/A	N/A
208	123	0	2	0.000000	11.528455	11.487805	0.000000	0.000000	0	N/A	N/A
209	185	1	0	0.000000	4.702703	4.535135	0.000000	0.000000	0	N/A	N/A
210	4	1	1	0.000000	7.000000	7.000000	0.000000	0.000000	0	N/A	N/A
211	13	2	1	0.000000	16.615385	8.230769	0.000000	0.000000	0	N/A	N/A
212	6	1	1	0.000000	15.166667	6.833333	0.000000	0.000000	0	N/A	N/A
213	7	1	2	0.000000	15.000000	6.571429	0.000000	0.000000	0	N/A	N/A
214	5	1	2	0.000000	15.400000	7.000000	0.000000	0.000000	0	N/A	N/A
215	53	1	1	0.000000	13.849057	13.264151	0.000000	0.000000	0	N/A	N/A
216	25	1	1	0.000000	2.200000	2.200000	0.000000	0.000000	0	N/A	N/A
217	31	1	1	0.000000	1.419355	1.419355	0.000000	0.000000	0	N/A	N/A
218	340	2	2	0.000000	14.817647	11.538235	0.000000	0.000000	0	N/A	N/A
219	24	1	1	0.000000	2.958333	2.958333	0.000000	0.000000	0	N/A	N/A
220	1	2	2	0.000000	4.000000	4.000000	0.000000	0.000000	0	N/A	N/A
221	6	1	1	0.000000	1.000000	1.000000	0.000000	0.000000	0	N/A	N/A
222	6	1	1	0.000000	2.166667	2.166667	0.000000	0.000000	0	N/A	N/A
223	31	1	1	0.000000	1.645161	1.645161	0.000000	0.000000	0	N/A	N/A
224	31	1	1	0.000000	10.193548	10.193548	0.000000	0.000000	0	N/A	N/A
225	63	1	0	0.000000	1.000000	1.000000	0.000000	0.000000	0	N/A	N/A
226	14	3	1	0.000000	9.285714	9.285714	0.000000	0.000000	0	N/A	N/A
227	31	1	1	0.000000	1.000000	1.000000	0.000000	0.000000	0	N/A	N/A
228	18	1	1	0.000000	14.500000	14.500000	0.000000	0.000000	0	N/A	N/A
229	46	1	1	0.000000	1.413043	1.413043	0.000000	0.000000	0	N/A	N/A
230	42	1	1	0.000000	1.000000	1.000000	0.000000	0.000000	0	N/A	N/A
231	239	1	1	0.000000	12.853556	11.472803	0.000000	0.000000	0	N/A	N/A
232	20	2	1	0.000000	1.100000	1.100000	0.000000	0.000000	0	N/A	N/A
233	11	1	1	0.000000	1.000000	1.000000	0.000000	0.000000	0	N/A	N/A
234	10	1	1	0.000000	1.000000	1.000000	0.000000	0.000000	0	N/A	N/A
235	67	1	0	0.000000	1.000000	1.000000	0.000000	0.000000	0	N/A	N/A
236	71	1	0	0.000000	1.042254	1.042254	0.000000	0.000000	0	N/A	N/A
237	63	1	0	0.000000	1.000000	1.000000	0.000000	0.000000	0	N/A	N/A
238	2	1	1	0.000000	2.000000	2.000000	0.000000	0.000000	0	N/A	N/A
239	31	1	1	0.000000	1.000000	1.000000	0.000000	0.000000	0	N/A	N/A
240	31	1	1	0.000000	1.000000	1.000000	0.000000	0.000000	0	N/A	N/A
241	52	1	1	0.000000	1.000000	1.000000	0.000000	0.000000	0	N/A	N/A
242	65	1	0	0.000000	1.000000	1.000000	0.000000	0.000000	0	N/A	N/A
243	31	1	1	0.000000	1.000000	1.000000	0.000000	0.000000	0	N/A	N/A
244	65	1	0	0.000000	1.000000	1.000000	0.000000	0.000000	0	N/A	N/A
245	65	1	0	0.000000	1.000000	1.000000	0.000000	0.000000	0	N/A	N/A
246	68	1	0	0.000000	1.000000	1.000000	0.000000	0.000000	0	N/A	N/A
247	63	0	0	0.000000	1.000000	1.000000	0.000000	0.000000	0	N/A	N/A
248	31	1	1	0.000000	1.000000	1.000000	0.000000	0.000000	0	N/A	N/A
249	66	1	0	0.000000	1.000000	1.000000	0.000000	0.000000	0	N/A	N/A
250	67	0	0	0.000000	1.000000	1.000000	0.000000	0.000000	0	N/A	N/A
251	7	2	1	0.000000	1.428571	1.428571	0.000000	0.000000	0	N/A	N/A
252	24	1	1	0.000000	1.000000	1.000000	0.000000	0.000000	0	N/A	N/A
253	64	1	0	0.000000	1.078125	1.078125	0.000000	0.000000	0	N/A	N/A
254	264	3	2	0.000000	11.378788	11.109848	0.000000	0.000000	0	N/A	N/A
255	10	1	1	0.000000	8.000000	8.000000	0.000000	0.000000	0	N/A	N/A
256	1	1	2	0.000000	15.000000	15.000000	0.000000	0.000000	0	N/A	N/A
257	8	2	2	0.000000	14.875000	14.875000	0.000000	0.000000	0	N/A	N/A
258	3	2	1	0.000000	13.333333	13.333333	0.000000	0.000000	0	N/A	N/A
259	9	1	1	0.000000	5.555556	5.555556	0.000000	0.000000	0	N/A	N/A
260	4	1	2	0.000000	18.750000	17.750000	0.000000	0.000000	0	N/A	N/A
261	1	2	2	0.000000	22.000000	22.000000	0.000000	0.000000	0	N/A	N/A
262	31	1	1	0.000000	22.161290	22.161290	0.000000	0.000000	0	N/A	N/A
263	5	2	3	0.000000	20.400000	19.400000	0.000000	0.000000	0	N/A	N/A
264	59	1	2	0.000000	10.949153	7.542373	0.000000	0.000000	0	N/A	N/A
265	10	1	2	0.000000	18.800000	18.800000	0.000000	0.000000	0	N/A	N/A
266	70	1	0	0.000000	1.042857	1.042857	0.000000	0.000000	0	N/A	N/A
267	1	1	2	0.000000	5.000000	5.000000	0.000000	0.000000	0	N/A	N/A
268	7	2	2	0.000000	6.857143	6.857143	0.000000	0.000000	0	N/A	N/A
269	13	2	1	0.000000	8.923077	8.923077	0.000000	0.000000	0	N/A	N/A
270	3	2	1	0.000000	9.333333	9.333333	0.000000	0.000000	0	N/A	N/A
271	11	1	1	0.000000	7.454545	7.454545	0.000000	0.000000	0	N/A	N/A
272	1	1	1	0.000000	6.000000	6.000000	0.000000	0.000000	0	N/A	N/A
273	5	2	2	0.000000	19.800000	17.800000	0.000000	0.000000	0	N/A	N/A
274	2	1	1	0.000000	8.000000	8.000000	0.000000	0.000000	0	N/A	N/A
275	7	1	2	0.000000	8.000000	8.000000	0.000000	0.000000	0	N/A	N/A
276	6	1	1	0.000000	5.000000	5.000000	0.000000	0.000000	0	N/A	N/A
277	1	2	2	0.000000	15.000000	14.000000	0.000000	0.000000	0	N/A	N/A
278	64	1	0	0.000000	1.000000	1.000000	0.000000	0.000000	0	N/A	N/A
279	2	1	2	0.000000	3.000000	3.000000	0.000000	0.000000	0	N/A	N/A
280	8	1	3	0.000000	17.000000	13.000000	0.000000	0.000000	0	N/A	N/A
281	10	1	1	0.000000	9.000000	9.000000	0.000000	0.000000	0	N/A	N/A
282	31	1	1	0.000000	1.451613	1.451613	0.000000	0.000000	0	N/A	N/A
283	67	1	0	0.000000	1.253731	1.253731	0.000000	0.000000	0	N/A	N/A
284	2	2	2	0.000000	37.000000	37.000000	0.000000	0.000000	0	N/A	N/A
285	1	2	1	0.000000	20.000000	20.000000	0.000000	0.000000	0	N/A	N/A
286	6	1	1	0.000000	12.000000	12.000000	0.000000	0.000000	0	N/A	N/A
287	103	1	2	0.000000	11.582524	11.116505	0.000000	0.000000	0	N/A	N/A
288	2	2	1	0.000000	1.500000	1.500000	0.000000	0.000000	0	N/A	N/A
289	1	2	2	0.000000	27.000000	27.000000	0.000000	0.000000	0	N/A	N/A
290	2	1	2	0.000000	3.500000	3.500000	0.000000	0.000000	0	N/A	N/A
291	17	2	2	0.000000	1.882353	1.882353	0.000000	0.000000	0	N/A	N/A
292	2	1	1	0.000000	1.000000	1.000000	0.000000	0.000000	0	N/A	N/A
293	8	2	2	0.000000	2.625000	2.625000	0.000000	0.000000	0	N/A	N/A
294	160	2	0	0.000000	6.725000	6.725000	0.000000	0.000000	0	N/A	N/A
295	48	1	1	0.000000	11.666667	11.020833	0.000000	0.000000	0	N/A	N/A
296	7	1	2	0.000000	23.142857	23.142857	0.000000	0.000000	0	N/A	N/A
297	26	2	1	0.000000	11.653846	11.653846	0.000000	0.000000	0	N/A	N/A
298	64	2	0	0.000000	1.015625	1.015625	0.000000	0.000000	0	N/A	N/A
299	3	1	1	0.000000	1.000000	1.000000	0.000000	0.000000	0	N/A	N/A
300	1	2	1	0.000000	5.000000	5.000000	0.000000	0.000000	0	N/A	N/A
301	6	1	1	0.000000	4.000000	4.000000	0.000000	0.000000	0	N/A	N/A
302	3	1	2	0.000000	5.333333	5.333333	0.000000	0.000000	0	N/A	N/A
303	6	1	2	0.000000	2.333333	2.333333	0.000000	0.000000	0	N/A	N/A
304	2	1	2	0.000000	5.000000	5.000000	0.000000	0.000000	0	N/A	N/A
305	52	1	1	0.000000	11.942308	11.442308	0.000000	0.000000	0	N/A	N/A
306	31	1	1	0.000000	1.000000	1.000000	0.000000	0.000000	0	N/A	N/A
307	31	1	1	0.000000	2.967742	2.967742	0.000000	0.000000	0	N/A	N/A
308	25	1	1	0.000000	1.440000	1.440000	0.000000	0.000000	0	N/A	N/A
309	3	1	2	0.000000	11.666667	1.000000	0.000000	0.000000	0	N/A	N/A
310	1	1	2	0.000000	6.000000	6.000000	0.000000	0.000000	0	N/A	N/A
311	68	1	0	0.000000	1.352941	1.352941	0.000000	0.000000	0	N/A	N/A
312	31	1	1	0.000000	1.000000	1.000000	0.000000	0.000000	0	N/A	N/A
313	66	1	0	0.000000	1.000000	1.000000	0.000000	0.000000	0	N/A	N/A
314	64	1	0	0.000000	1.000000	1.000000	0.000000	0.000000	0	N/A	N/A
315	31	1	1	0.000000	1.000000	1.000000	0.000000	0.000000	0	N/A	N/A
316	51	1	1	0.000000	1.000000	1.000000	0.000000	0.000000	0	N/A	N/A
317	49	1	1	0.000000	1.000000	1.000000	0.000000	0.000000	0	N/A	N/A
318	31	1	1	0.000000	1.000000	1.000000	0.000000	0.000000	0	N/A	N/A
319	31	1	1	0.000000	1.000000	1.000000	0.000000	0.000000	0	N/A	N/A
