48	0	15	1
ROADMAP 25
1	20	1	2
1	21	2	3
1	22	3	4
1	23	4	5
1	24	5	6
1	25	6	7
1	26	7	8
1	27	8	9
1	28	9	10
1	29	10	11
1	30	11	12
1	31	12	13
1	32	13	14
1	33	14	15
1	34	15	16
1	35	16	17
1	36	17	18
1	37	18	19
1	38	19	20
1	39	20	21
1	40	21	22
1	41	22	23
1	42	23	24
1	43	24	25
1	44	25	26
1	45	26	27
1	46	27	28
1	47	28	29
1	48	29	30
1	49	30	31
1	50	31	32
1	51	32	33
1	52	33	34
ROADMAP 26
3	45	0	41
ROADMAP 27
38	0	34	48
38	1	48	49
38	2	49	50
40	61	0	1
40	62	1	2
40	63	2	3
40	64	3	4
40	65	4	5
ROADMAP 28
42	73	0	1
42	74	1	2
42	75	2	3
42	76	3	4
42	77	4	5
42	78	5	6
42	79	6	7
ROADMAP 29
26	0	33	45
3	0	0	46
37	0	0	28
ROADMAP 30
38	0	34	48
27	0	0	1
38	0	48	49
27	0	1	2
38	0	49	50
27	0	2	61
40	0	0	1
27	0	61	62
40	0	1	2
27	0	62	63
40	0	2	3
27	0	63	64
40	0	3	4
27	0	64	65
40	0	4	5
ROADMAP 31
37	0	71	86
2	0	0	3
1	0	0	1
25	0	0	20
1	0	1	2
25	0	20	21
1	0	2	3
25	0	21	22
1	0	3	4
25	0	22	23
1	0	4	5
25	0	23	24
1	0	5	6
25	0	24	25
1	0	6	7
25	0	25	26
1	0	7	8
25	0	26	27
1	0	8	9
25	0	27	28
1	0	9	10
25	0	28	29
1	0	10	11
25	0	29	30
1	0	11	12
25	0	30	31
1	0	12	13
25	0	31	32
1	0	13	14
25	0	32	33
1	0	14	15
25	0	33	34
1	0	15	16
25	0	34	35
1	0	16	17
25	0	35	36
1	0	17	18
25	0	36	37
1	0	18	19
25	0	37	38
1	0	19	20
25	0	38	39
1	0	20	21
25	0	39	40
1	0	21	22
25	0	40	41
1	0	22	23
25	0	41	42
1	0	23	24
25	0	42	43
1	0	24	25
ROADMAP 32
1	0	13	14
25	0	32	33
1	0	14	15
25	0	33	34
1	0	15	16
25	0	34	35
1	0	16	17
25	0	35	36
1	0	17	18
25	0	36	37
1	0	18	19
25	0	37	38
1	0	19	20
25	0	38	39
1	0	20	21
25	0	39	40
1	0	21	22
25	0	40	41
1	0	22	23
25	0	41	42
1	0	23	24
25	0	42	43
1	0	24	25
25	0	43	44
1	0	25	26
25	0	44	45
1	0	26	27
25	0	45	46
1	0	27	28
25	0	46	47
1	0	28	29
25	0	47	48
1	0	29	30
25	0	48	49
1	0	30	31
25	0	49	50
1	0	31	32
25	0	50	51
1	0	32	33
25	0	51	52
1	0	33	34
25	0	52	53
38	0	0	44
ROADMAP 33
27	0	63	64
40	0	3	4
27	0	64	65
40	0	4	9
6	0	0	14
28	0	0	64
ROADMAP 34
28	0	13	73
42	0	0	1
28	0	73	74
42	0	1	2
28	0	74	75
42	0	2	3
28	0	75	76
42	0	3	4
28	0	76	77
42	0	4	5
28	0	77	78
42	0	5	6
28	0	78	79
42	0	6	17
11	0	0	3
ROADMAP 35
38	0	22	48
27	0	0	1
38	0	48	49
27	0	1	2
38	0	49	50
27	0	2	58
ROADMAP 36
27	0	36	61
40	0	0	1
27	0	61	62
40	0	1	2
27	0	62	63
40	0	2	3
27	0	63	64
40	0	3	4
27	0	64	65
40	0	4	9
6	0	0	14
28	0	0	34
ROADMAP 37
ROADMAP 38
25	0	36	37
1	0	18	19
25	0	37	38
1	0	19	20
25	0	38	39
1	0	20	21
25	0	39	40
1	0	21	22
25	0	40	41
1	0	22	23
25	0	41	42
1	0	23	24
25	0	42	43
1	0	24	25
25	0	43	44
1	0	25	26
25	0	44	45
1	0	26	27
25	0	45	46
1	0	27	28
25	0	46	47
1	0	28	29
25	0	47	48
1	0	29	30
25	0	48	49
1	0	30	31
25	0	49	50
1	0	31	32
25	0	50	51
1	0	32	33
25	0	51	52
1	0	33	34
25	0	52	53
27	48	0	1
27	49	1	2
27	50	2	3
ROADMAP 39
25	0	21	22
1	0	3	4
25	0	22	23
1	0	4	5
25	0	23	24
1	0	5	6
25	0	24	25
1	0	6	7
25	0	25	26
1	0	7	8
25	0	26	27
1	0	8	9
25	0	27	28
1	0	9	10
25	0	28	29
1	0	10	11
25	0	29	30
1	0	11	12
25	0	30	31
1	0	12	13
25	0	31	32
1	0	13	14
25	0	32	33
1	0	14	15
25	0	33	34
1	0	15	16
25	0	34	35
1	0	16	17
25	0	35	36
1	0	17	18
25	0	36	37
1	0	18	19
25	0	37	38
1	0	19	20
25	0	38	39
1	0	20	21
25	0	39	40
1	0	21	22
25	0	40	41
1	0	22	23
25	0	41	42
1	0	23	24
25	0	42	43
1	0	24	25
25	0	43	44
1	0	25	26
25	0	44	45
1	0	26	27
25	0	45	46
1	0	27	28
25	0	46	47
1	0	28	29
25	0	47	48
1	0	29	30
25	0	48	49
1	0	30	31
25	0	49	50
1	0	31	32
25	0	50	51
1	0	32	33
25	0	51	52
1	0	33	34
25	0	52	53
38	0	0	23
ROADMAP 40
27	0	4	61
27	1	61	62
27	2	62	63
27	3	63	64
27	4	64	65
6	9	0	14
28	9	0	2
ROADMAP 41
1	0	11	12
25	0	30	31
1	0	12	13
25	0	31	32
1	0	13	14
25	0	32	33
1	0	14	15
25	0	33	34
1	0	15	16
25	0	34	35
1	0	16	17
25	0	35	36
1	0	17	18
25	0	36	37
1	0	18	19
25	0	37	38
1	0	19	20
25	0	38	39
1	0	20	21
25	0	39	40
1	0	21	22
25	0	40	41
1	0	22	23
25	0	41	42
1	0	23	24
25	0	42	43
1	0	24	25
25	0	43	44
1	0	25	26
25	0	44	45
1	0	26	27
25	0	45	46
1	0	27	28
25	0	46	47
1	0	28	29
25	0	47	48
1	0	29	30
25	0	48	49
1	0	30	31
25	0	49	50
1	0	31	32
25	0	50	51
1	0	32	33
25	0	51	52
1	0	33	34
25	0	52	53
38	0	0	40
ROADMAP 42
28	0	10	73
28	1	73	74
28	2	74	75
28	3	75	76
28	4	76	77
28	5	77	78
28	6	78	79
ROADMAP 43
27	0	49	61
40	0	0	1
27	0	61	62
40	0	1	2
27	0	62	63
40	0	2	3
27	0	63	64
40	0	3	4
27	0	64	65
40	0	4	9
6	0	0	14
28	0	0	47
ROADMAP 44
3	0	31	46
37	0	0	71
ROADMAP 45
38	0	39	48
27	0	0	1
38	0	48	49
27	0	1	2
38	0	49	50
27	0	2	61
40	0	0	1
27	0	61	62
40	0	1	2
27	0	62	63
40	0	2	3
27	0	63	64
40	0	3	4
27	0	64	65
40	0	4	9
6	0	0	1
ROADMAP 46
37	0	20	86
2	0	0	3
1	0	0	1
25	0	0	16
ROADMAP 47
1	0	2	3
25	0	21	22
1	0	3	4
25	0	22	23
1	0	4	5
25	0	23	24
1	0	5	6
25	0	24	25
1	0	6	7
25	0	25	26
1	0	7	8
25	0	26	27
1	0	8	9
25	0	27	28
1	0	9	10
25	0	28	29
1	0	10	11
25	0	29	30
1	0	11	12
25	0	30	31
1	0	12	13
25	0	31	32
1	0	13	14
25	0	32	33
1	0	14	15
25	0	33	34
1	0	15	16
25	0	34	35
1	0	16	17
25	0	35	36
1	0	17	18
25	0	36	37
1	0	18	19
25	0	37	38
1	0	19	20
25	0	38	39
1	0	20	21
25	0	39	40
1	0	21	22
25	0	40	41
1	0	22	23
25	0	41	42
1	0	23	24
25	0	42	43
1	0	24	25
25	0	43	44
1	0	25	26
25	0	44	45
1	0	26	27
25	0	45	46
1	0	27	28
25	0	46	47
1	0	28	29
25	0	47	48
1	0	29	30
25	0	48	49
1	0	30	31
25	0	49	50
1	0	31	32
25	0	50	51
1	0	32	33
25	0	51	52
1	0	33	34
25	0	52	53
38	0	0	22
ROADMAP 48
28	0	63	73
42	0	0	1
28	0	73	74
42	0	1	2
28	0	74	75
42	0	2	3
28	0	75	76
42	0	3	4
28	0	76	77
42	0	4	5
28	0	77	78
42	0	5	6
28	0	78	79
42	0	6	17
11	0	0	15
ROADMAP 1
25	1	0	20
25	2	20	21
25	3	21	22
25	4	22	23
25	5	23	24
25	6	24	25
25	7	25	26
25	8	26	27
25	9	27	28
25	10	28	29
25	11	29	30
25	12	30	31
25	13	31	32
25	14	32	33
25	15	33	34
25	16	34	35
25	17	35	36
25	18	36	37
25	19	37	38
25	20	38	39
25	21	39	40
25	22	40	41
25	23	41	42
25	24	42	43
25	25	43	44
25	26	44	45
25	27	45	46
25	28	46	47
25	29	47	48
25	30	48	49
25	31	49	50
25	32	50	51
25	33	51	52
ROADMAP 2
37	0	16	86
1	3	0	1
25	3	0	12
ROADMAP 3
37	46	0	40
ROADMAP 4
38	0	18	48
27	0	0	1
38	0	48	49
27	0	1	2
38	0	49	50
27	0	2	54
ROADMAP 5
26	0	41	45
3	0	0	46
37	0	0	36
ROADMAP 6
28	14	0	72
ROADMAP 7
25	0	45	46
1	0	27	28
25	0	46	47
1	0	28	29
25	0	47	48
1	0	29	30
25	0	48	49
1	0	30	31
25	0	49	50
1	0	31	32
25	0	50	51
1	0	32	33
25	0	51	52
1	0	33	34
25	0	52	53
38	0	0	48
27	0	0	1
38	0	48	49
27	0	1	2
38	0	49	50
27	0	2	21
ROADMAP 8
38	0	6	48
27	0	0	1
38	0	48	49
27	0	1	2
38	0	49	50
27	0	2	42
ROADMAP 9
25	0	38	39
1	0	20	21
25	0	39	40
1	0	21	22
25	0	40	41
1	0	22	23
25	0	41	42
1	0	23	24
25	0	42	43
1	0	24	25
25	0	43	44
1	0	25	26
25	0	44	45
1	0	26	27
25	0	45	46
1	0	27	28
25	0	46	47
1	0	28	29
25	0	47	48
1	0	29	30
25	0	48	49
1	0	30	31
25	0	49	50
1	0	31	32
25	0	50	51
1	0	32	33
25	0	51	52
1	0	33	34
25	0	52	53
38	0	0	48
27	0	0	1
38	0	48	49
27	0	1	2
38	0	49	50
27	0	2	7
ROADMAP 10
27	0	36	61
40	0	0	1
27	0	61	62
40	0	1	2
27	0	62	63
40	0	2	3
27	0	63	64
40	0	3	4
27	0	64	65
40	0	4	9
6	0	0	14
28	0	0	34
ROADMAP 11
28	0	25	73
42	0	0	1
28	0	73	74
42	0	1	2
28	0	74	75
42	0	2	3
28	0	75	76
42	0	3	4
28	0	76	77
42	0	4	5
28	0	77	78
42	0	5	6
28	0	78	79
42	0	6	17
ROADMAP 12
26	25	0	45
3	25	0	16
ROADMAP 13
6	0	8	14
28	0	0	73
42	0	0	1
28	0	73	74
42	0	1	2
28	0	74	75
42	0	2	3
28	0	75	76
42	0	3	4
ROADMAP 14
40	0	3	4
27	0	64	65
40	0	4	9
6	0	0	14
28	0	0	65
ROADMAP 15
28	0	33	73
42	0	0	1
28	0	73	74
42	0	1	2
28	0	74	75
42	0	2	3
28	0	75	76
42	0	3	4
28	0	76	77
42	0	4	5
28	0	77	78
42	0	5	6
28	0	78	79
42	0	6	17
11	0	0	15
48	0	0	8
ROADMAP 16
28	0	54	73
42	0	0	1
28	0	73	74
42	0	1	2
28	0	74	75
42	0	2	3
28	0	75	76
42	0	3	4
28	0	76	77
42	0	4	5
28	0	77	78
42	0	5	6
28	0	78	79
42	0	6	17
11	0	0	15
48	0	0	29
ROADMAP 17
38	0	8	48
27	0	0	1
38	0	48	49
27	0	1	2
38	0	49	50
27	0	2	44
ROADMAP 18
37	0	35	86
2	0	0	3
1	0	0	1
25	0	0	20
1	0	1	2
25	0	20	21
1	0	2	3
25	0	21	22
1	0	3	4
25	0	22	23
1	0	4	5
25	0	23	24
1	0	5	6
25	0	24	25
1	0	6	7
ROADMAP 19
28	0	22	73
42	0	0	1
28	0	73	74
42	0	1	2
28	0	74	75
42	0	2	3
28	0	75	76
42	0	3	4
28	0	76	77
42	0	4	5
28	0	77	78
42	0	5	6
28	0	78	79
42	0	6	17
11	0	0	12
ROADMAP 20
27	0	63	64
40	0	3	4
27	0	64	65
40	0	4	9
6	0	0	14
28	0	0	64
ROADMAP 21
38	0	35	48
27	0	0	1
38	0	48	49
27	0	1	2
38	0	49	50
27	0	2	61
40	0	0	1
27	0	61	62
40	0	1	2
27	0	62	63
40	0	2	3
27	0	63	64
40	0	3	4
27	0	64	65
40	0	4	6
ROADMAP 22
26	0	44	45
3	0	0	46
37	0	0	39
ROADMAP 23
38	0	25	48
27	0	0	1
38	0	48	49
27	0	1	2
38	0	49	50
27	0	2	61
ROADMAP 24
37	0	46	86
2	0	0	3
1	0	0	1
25	0	0	20
1	0	1	2
25	0	20	21
1	0	2	3
25	0	21	22
1	0	3	4
25	0	22	23
1	0	4	5
25	0	23	24
1	0	5	6
25	0	24	25
1	0	6	7
25	0	25	26
1	0	7	8
25	0	26	27
1	0	8	9
25	0	27	28
1	0	9	10
25	0	28	29
1	0	10	11
25	0	29	30
1	0	11	12
25	0	30	31
